0.000284135157174
0.00340958795103
0.000323880598847
0.000323972177991
0.000493453217368
0.000915166715931
0.000363692192383
0.000445154885467
0.000303423923844
0.00131869421533
0.000663732218911
0.00211472880251
0.00109042341794
0.00150876482659
0.000194026040308
0.000505454619746
0.000376334201891
0.000549496037359
0.0010455111475
0.00026186752807
0.000431170925589
0.000333751684385
0.000236539048469
0.000265520413635
0.000257219851564
0.000313487806495
0.000350408095141
0.000610014684403
0.00308750702714
0.000388202001097
0.000296951496174
0.000664532502301
0.000688744561894
0.000235503447568
0.000488602192302
0.000330850426446
0.000961244208073
0.000240617549417
0.000430335428081
0.00105319256214
0.000629354571528
0.000208408865455
0.00111405945895
0.000478150496577
0.000545692570556
0.00131905442341
0.000220719496544
0.000193569893488
0.000973028824691
0.000372158652044
0.000190081920063
0.000216337529303
0.00128265858101
0.00123895352395
0.000985558425323
0.000657694857479
0.000161068603043
0.0016609999829
0.00148284017313
0.000639233928573
0.000304245876783
0.000650394162605
0.000598711359304
0.000297451690455
0.000304186409173
0.000225655174701
0.000785309038553
0.000510317677914
0.000512729599176
0.000242964059795
0.00026388177371
0.000369129915748
0.000274080109065
0.000450402813579
0.000288973039797
0.000251010470991
0.000202152623077
0.000364171751866
0.000272635448493
0.000401308739713
0.000190937397037
0.0002480425238
0.00026129171904
0.000310540633354
0.000180898691713
0.000288935919105
0.000429914101029
0.000320931725096
0.000398981765232
0.000288990309449
0.0002131566416
0.000304581058179
0.000299359238197
0.000231637122565
0.000448089732426
0.000303232455051
0.000278599753857
0.00119469264686
0.000418500283722
0.000957989016608
0.000191182475357
0.000187401567382
0.000206741610924
0.000206741610924
0.000258441696221
0.000225596583323
0.00983846600642
0.000856856373664
0.000568034574064
0.000430284207463
0.000276171006318
0.000234012316598
0.000197821735168
0.000459853412518
0.000281858593376
0.00449469383856
0.000287305106615
0.000385493311088
0.000244230733857
0.000348059078692
0.000480321455711
0.000289065330298
0.000428648671992
0.000406926946815
0.000904719182096
0.000338257411456
0.000472031206318
0.000224232902876
0.000639378461221
0.000290754946745
0.000566714541752
0.00121229191977
0.00024272026116
0.000191969805894
0.000324317236827
0.000256793198738
0.000717531637949
0.000352355862249
0.000379593880783
0.000203236169474
0.000193318179316
0.000685318275157
0.000167801505179
0.000211907520165
0.000227041334993
0.000227041334993
0.000338902553311
0.00037622161853
0.000340530665039
0.000519813869269
0.000459029248821
0.000241570528498
0.000498926287018
0.000592222923162
0.00247709019192
0.000238656124438
0.00034741164809
0.000295426175158
0.000189068530881
0.000215082263858
0.000312793941539
0.000810839010244
0.00151466588671
0.000155483610267
0.00431261285989
0.000307890032453
0.000248738211723
0.000181368844358
0.000196216951368
0.0001606317093
0.000399550158853
0.00103747239376
0.000479657683868
0.000987305089635
0.000622065637685
0.000194120781124
0.000320215524665
0.000292491831997
0.000218515868028
0.00086269601384
0.000265190526164
0.000259255393252
0.000326000278522
0.00181794548319
0.000490946496271
0.000159885091307
0.000261690911763
0.000217672951277
0.000417573520588
0.000701045076559
0.000278824728564
0.00032048689299
0.000327834758329
0.000567214839008
0.000250639386591
0.000350217000234
0.000349016897201
0.000249300258091
0.000230860627713
0.00676345350086
0.000691884507829
0.000243580549915
0.000219422880331
0.000785217492624
0.000266661318553
0.000203308246955
0.000435784998225
0.0014018777488
0.00022665889098
0.00022835688069
0.000556628222313
0.000280843435176
0.00021115550234
0.00026363760752
0.000235012614536
0.000302375876527
0.000409706552695
0.000945465196811
0.00127447686488
0.000403217085031
0.000330517030122
0.000644761244897
0.0016244154952
0.000685283478195
0.000316659161706
0.000876334277205
0.00114436234588
0.000341367014959
0.000355000873354
0.000257932566972
0.000311737675615
0.000466036586238
0.000155380735084
0.00885755494583
0.000172794940939
0.000207286318371
0.000325873507395
0.000265653553076
0.000211783046781
0.000335580710751
0.000449977929013
0.00471819302701
0.00046058612295
0.000386384820351
0.000293333215036
0.000239962643662
0.000326501574227
0.000527273266415
0.000498066423669
0.000255286505209
0.000532361014634
0.000655992916198
0.000615101464765
0.018253077067
0.000253889904573
0.000458674871294
0.000734760248768
0.000539817711203
0.000592944815407
0.000305516899355
0.000200631156619
0.000223278532921
0.000242004319489
0.000503930793746
0.000332539399092
0.000182750139835
0.00022655511481
0.000353663392568
0.0002728651432
0.000297734414053
0.000249156939048
0.000793430742013
0.00032774560677
0.000210488008023
0.000724608081194
0.000272882406428
0.000825085552695
0.00082948684238
0.00020355139533
0.00377352311644
0.000430740964148
0.0006026267829
0.000725802619782
0.00031837614219
0.0001896179739
0.000253111458182
0.000218622173799
0.000245588601555
0.000227771276773
0.000385897421348
0.000192352392644
0.000472408173374
0.000359941445966
0.000362133202842
0.000216611500405
0.00142037982221
0.000295819154371
0.000334373241986
0.0011437129877
0.000317555854572
0.00158914933954
0.000243222134091
0.000726397193038
0.000557152324012
0.00169508860642
0.000240673320362
0.000435720813494
0.00145403408486
0.0001897135152
0.000328384098502
0.000550608388357
0.000250871835558
0.000427067414076
0.00044857887275
0.000560245646644
0.000233985781347
0.000498863999954
0.000453343423428
0.000216897148836
0.000233608787787
0.000732963186214
0.000697097787819
0.0131714881006
0.000285991102203
0.000299384922944
0.000240917869435
0.000348713689099
0.000307273420733
0.000381238620796
0.000967107432258
0.00030047066846
0.00212041555525
0.000252229086362
0.000270209215004
0.000232339971575
0.000827724096923
0.00151382327967
0.000682214446957
0.000332068939806
0.000906731742052
0.000249496089187
0.00027110350583
0.000650288954335
0.000289999289235
0.000287377711305
0.00131180782589
0.000176386564653
0.000154043746129
0.000253894261652
0.000475007480933
0.000409045949939
0.000446487762126
0.000248561104355
0.00139155383617
0.000247300102356
0.000559192298192
0.000339614039893
0.000810051327047
0.000222945244446
0.000343110468
0.000248687494657
0.00812940685307
0.00157900239998
0.000221310584559
0.000679367227343
0.000212307302972
0.000910530150112
0.00101580729802
0.00106099872967
0.000200689900222
0.000292432830886
0.00080462433794
0.000207693719
0.000601498564565
0.000823470229511
0.000342142635315
0.00101675707052
0.000823485157633
0.000859856373621
0.000243192262168
0.00031858316186
0.000294128063481
0.000168629971117
0.000311122863418
0.0112029417881
0.00028766698052
0.000245019033066
0.000372884347515
0.00106345005175
0.000720170772876
0.000262786832682
0.000530071401861
0.000518321976843
0.000212195049639
0.00090357025481
0.000234316876666
0.000357174110772
0.000268781057995
0.000902244937972
0.000328091679765
0.000310934819187
0.000247808076774
0.000358348703167
0.00208656920413
0.000213691743347
0.000183919317177
0.000217896553398
0.000175133054706
0.001150682879
0.00074721464064
0.000216524566877
0.000289065248469
0.000206190199849
0.00033149031019
0.000460493152926
0.00016792008833
0.000197352841417
0.000666159546352
0.000214174555648
0.00132614234771
0.000275288422035
0.000267409114191
0.000208379242442
0.00101922369142
0.000208425867134
0.000893185729236
0.000443098710743
0.000638519506822
0.000398605828341
0.00506584167202
0.000579719862921
0.000314944009302
0.000298246412278
0.00119480011857
0.000184415667441
0.000229375437116
0.00219260218022
0.000362925265994
0.000308919823166
0.000411181822128
0.00134714493812
0.000216639732514
0.000290777337198
0.000301559323867
0.000424527873414
0.000294925544757
0.00126222871762
0.000216133535795
0.000550586481365
0.00046417821694
0.000816803547018
0.000546090513754
0.000290495005866
0.000252006301995
0.000766391394203
0.000276426082042
0.000413108715172
0.00871752253877
0.000222062680196
0.000509406434024
0.000474237978538
0.000459959380681
0.000655823475509
0.000576572704726
0.000242697514086
0.000515376489462
0.000228314551538
0.00025371715415
0.000211313175068
0.000789443352628
0.000305153711602
0.000530248852676
0.000275974738014
0.00212450912384
0.000273700575153
0.000582867620109
0.000219469754562
0.000517736770302
0.000409611809388
0.000212743184663
0.00214057360061
0.000184289309012
0.000177924978118
0.00105044021834
0.000349082091152
0.000253443931782
0.000367933825695
0.00114259431911
0.000269970926793
0.00165252098029
0.000783205047465
0.000482465630377
0.000240233654178
0.00021915844837
0.00117832955772
0.000741135666372
0.000637138060713
0.00199340648921
0.000303514119124
0.000180924437745
0.000423489796874
0.00255907178228
0.000813390911021
0.00230531101719
0.000218152653403
0.000151808911509
0.000637415492097
0.0004676404979
0.000195565021899
0.000343239777385
0.00202691038997
0.000375100410397
0.000234443233802
0.000291863130292
0.000467621101769
0.000374658149894
0.000369774284153
0.000528131454369
0.000761500542617
0.000292593686292
0.000257451921076
0.000317878337945
0.00157392294713
0.000271839213559
0.000429506275516
0.000243804448142
0.000327193020363
0.00041520806025
0.00268731705457
0.000182715920424
0.000883353986914
0.000427820348998
0.000151808911509
0.000197258530805
0.000197258530805
0.000475646389354
0.000429529222872
0.000771557523649
0.000378540397364
0.000569459127811
0.000194951129531
0.000253016189722
0.000253016189722
0.000663394243257
0.000492524164401
0.00144277544775
0.000977946210119
0.000298756333155
0.000201309835265
0.000201309835265
0.000386218917019
0.000205046812904
0.000293963539558
0.000281689721729
0.0011773769948
0.000668503100293
0.00188599428396
0.000629741297998
0.000378174305249
0.000552508950288
0.000287122106246
0.000375889882799
0.000199190132656
0.000351993319306
0.000368553388771
0.000514071337008
0.000216022575768
0.000231137517937
0.000917380130815
0.000301358711865
0.0002351776134
0.000197258530805
0.000197258530805
0.00065874269783
0.000599978710049
0.000224437506722
0.000283604551675
0.000253144111524
0.000407983767675
0.00024819850486
0.000244227479398
0.000386440767222
0.000286124439669
0.000249621138999
0.000618815964021
0.000751893864866
0.000490298736608
0.000249807469996
0.0053640951299
0.000199620296724
0.000179450251153
0.000625201972821
0.000220246919944
0.000218554203624
0.000684894688623
0.000256068921049
0.000193985584677
0.000383862520969
0.000149836704162
0.000149836704162
0.00694465059228
0.000315403567861
0.000325891535239
0.000317621467367
0.000236271278354
0.000337679261497
0.000408015546443
0.00125089733736
0.000213374340228
0.000342847674925
0.000248016449046
0.00141486676764
0.000241091926765
0.000319350478455
0.000201631719335
0.000544974548348
0.000195023076148
0.000185652478742
0.000323581572071
0.00118244252198
0.000508047577132
0.000186065074296
0.000205348576547
0.000195023076148
0.000334297482003
0.00063550334488
0.00529415189081
0.000495080312177
0.000224415904107
0.000588375844397
0.000319151402551
0.000430431236307
0.000311719482282
0.000223953652285
0.000335372702089
0.000311993305724
0.000804489930914
0.000552022955511
0.00048741899543
0.00015306149983
0.00116291380943
0.000538347280801
0.000458700011542
0.000447947562302
0.000268714699896
0.000585476433361
0.00026169380224
0.000790384720525
0.000422923770934
0.000716020087469
0.000247070752632
0.000610276168533
0.00038550182255
0.000359304294669
0.00142574725954
0.00126535797388
0.000256858938355
0.000218113079559
0.000193318179316
0.000405714801485
0.000222982387048
0.000821341490912
0.000641469512928
0.000827361388617
0.000241926804745
0.000330780917976
0.000441605044064
0.000281867133545
0.000227411928109
0.000307847280173
0.000274644480294
0.000271463056615
0.00225477335375
0.000802204799774
0.00135194981558
0.000818454459048
0.000260412066689
0.00114606854509
0.000624827762343
0.00111105282844
0.00021096855726
0.000652340695881
0.00122671025621
0.000228688297733
0.000254142741592
0.0436946821282
0.00078755213972
0.00028309722731
0.000911553049258
0.000241617429285
0.000224343462945
0.000477348157853
0.000262771874179
0.000284712427643
0.000246291513337
0.000719555481115
0.00093655895454
0.00122938898023
0.000189875001438
0.000267922539621
0.000230644103906
0.00043697579682
0.000415915943478
0.0036834844588
0.000477023437358
0.000264755845939
0.00152589908044
0.000221295517708
0.00104220850652
0.000185495641894
0.000198193585222
0.00360792971955
0.00100478030675
0.000350657678489
0.000736376741176
0.000281463947937
0.00599328157331
0.00039754459916
0.000333098231783
0.00088451397997
0.00420803356539
0.00202676484782
0.00020389970352
0.0055527647293
0.000874777651191
0.000889672890003
0.00136606595758
0.0108650772473
0.0292372989442
0.00027269868912
0.00132943095142
0.000614445920273
0.000221209317329
0.000841580896285
0.000224637891843
0.000278470321782
0.000993818420629
0.000710396865879
0.000219330602639
0.000640842827405
0.000243338276804
0.000442335955454
0.000157025613925
0.000248696194558
0.000951896438047
0.000702275407365
0.000280383434242
0.000429756733419
0.00127399718082
0.000258135899836
0.0002464929109
0.00109211938154
0.000783527159401
0.00392123762882
0.000296700596291
0.000221552237819
0.000660942780433
0.000305020408242
0.00033055393305
0.000319359591855
0.000207093600896
0.00151220794803
0.000194436635737
0.00119549804887
0.000250635602679
0.000201887087132
0.000428511730833
0.000321868275251
0.000232237233656
0.000367729580914
0.000170815718459
0.000289479764486
0.000291862656066
0.000291862656066
0.000257919078175
0.00391784687291
0.000479614698878
0.000358160039425
0.000323967176157
0.000347453920347
0.000426030344659
0.000207194985956
0.000243380237822
0.000225831478656
0.000322620781254
0.000467731919093
0.000367051528537
0.000375230956946
0.000363407967844
0.000544145762564
0.00248197394318
0.000195621428669
0.000216162155713
0.000300610018424
0.000209899112277
0.000263487793523
0.00116506576066
0.000848291789949
0.000173336207591
0.000491100582295
0.000291692609295
0.000264738287635
0.000235785610972
0.000459098899162
0.000297304382939
0.00021856567204
0.000265596859306
0.000253016189722
0.00162941331711
0.00016726036548
0.000897874461
0.00113089506744
0.000256463904725
0.00036856227985
0.000253166298946
0.000212330958658
0.000374902797626
0.00180343166041
0.000377815123595
0.000801014226974
0.000287988143587
0.000299530863126
0.0438423370947
0.000327834758329
0.000264875202191
0.000166946340108
0.000217031996314
0.000234209973389
0.000197258530805
0.000181495760399
0.000211644879164
0.00054218012216
0.000313232612008
0.00082636133719
0.000368322525047
0.000268130449213
0.00161863667313
0.000248242927586
0.000383089077406
0.00050869789778
0.000232948245967
0.000788649952209
0.000511882486374
0.00037602295278
0.000263709204162
0.000410788175043
0.000405871422108
0.000368538683411
0.000302077862621
0.000262471298388
0.000897648524967
0.000317356630427
0.000483155356063
0.000204791449081
0.000222455806391
0.000278824728564
0.000806866163749
0.000582876433173
0.000278019860662
0.000332222760009
0.000444110283575
0.000383967780888
0.000241574623313
0.00028512134269
0.00057889784508
0.000515167261566
0.000204544591672
0.00327425766751
0.000176736920777
0.000351498748236
0.000556802611537
0.000796751896388
0.000180211945619
0.000953781243287
0.000438621917856
0.000331310329521
0.00247349905031
0.000887761130532
0.000221853251539
0.000277881842074
0.00331408880597
0.000220080703638
0.000536219324179
0.000753013770461
0.00028475816272
0.000289133162347
0.000240856343456
0.000207801793739
0.000290605205922
0.000263664847997
0.000391548802425
0.000307459088407
0.000233829050054
0.000292373361735
0.00025244351323
0.000269331204405
0.00132731313456
0.000295995318789
0.000286122827015
0.000380645404386
0.000368805783909
0.000245121736062
0.00316381335363
0.000836488994187
0.000275606639296
0.000338257411456
0.000224248337912
0.000220993139795
0.00116677395198
0.000277541271713
0.000489351606265
0.000333068353789
0.000427840403113
0.00292740209868
0.000222429780567
0.000526503511769
0.00034875531595
0.000709334672951
0.00111588717711
0.00030614704543
0.000262720786686
0.000791252981084
0.000323073024341
0.000255076504379
0.000241928743136
0.0155486244816
0.000214352533715
0.000482363895703
0.000316193024964
0.00132817760037
0.00234020085169
0.00119347272733
0.000268310915031
0.000249096023349
0.00104834021406
0.000383490934886
0.000235086931142
0.000344667079845
0.00205777373995
0.00094145908623
0.000751432279819
0.00245995949718
0.000526335507629
0.000246133964376
0.000227406972818
0.000344108215136
0.000538431913383
0.000384305223552
0.000273770654202
0.0005166092911
0.000281688817754
0.000222189987251
0.000304661655346
0.00018252933955
0.000578411691598
0.000307217022237
0.000590171073917
0.000253430209645
0.000770334894455
0.0205778375313
0.000311188025293
0.000286096031684
0.000490658036141
0.000260025329575
0.00117172999101
0.00305200165677
0.00296913701976
0.000921681328738
0.000249028310473
0.000180380924255
0.00236294424904
0.000869269068676
0.000195717647029
0.000332727600239
0.00025528914216
0.000712862946696
0.000344602194563
0.000337006147152
0.000233627830337
0.000535398608174
0.00407247831092
0.000271583886175
0.000281840985639
0.00104008532869
0.000223411903356
0.000278221797142
0.000207130049653
0.00681543799921
0.000277581233059
0.000229721868046
0.000885454597597
0.000947990035751
0.000731163874907
0.000351054041764
0.000358528120131
0.000434746148542
0.000307432213472
0.0297554419337
0.000662585571393
0.000662761521853
0.000267822086792
0.000234071122891
0.00126992427826
0.000315068263306
0.00246158827346
0.00218708912404
0.000361524210184
0.000611427947883
0.000247839586568
0.000371394320755
0.00563425720746
0.000362205131801
0.00691769039546
0.000318538732441
0.00141967176371
0.000319864971327
0.000244541059989
0.000886287545086
0.000290259766048
0.000324722685321
0.000494968448579
0.000673775415312
0.000465524175671
0.000770640967691
0.000192170588925
0.000468165371392
0.000808672119852
0.000234462394811
0.000252972153313
0.000272971268939
0.000232757798723
0.000259177357109
0.00043237790995
0.000307818614681
0.00103979809904
0.000688076639296
0.000332177393248
0.000318689677136
0.000383598629013
0.000264875202191
0.000317305117066
0.000879397192625
0.000204526733148
0.000174566385402
0.000217314146169
0.000508741814396
0.000378540397364
0.000678688481232
0.000346840819736
0.000180390943615
0.000833484772999
0.000453535944955
0.000303201550671
0.000232352676571
0.000303968770964
0.000423009818201
0.000382079197737
0.0106952782589
0.000421438133218
0.000337312413363
0.000531781175701
0.00333345324718
0.000363509269598
0.000236562390447
0.000161651124708
0.000288491601523
0.000269652517786
0.00254412334802
0.000203984646239
0.000176796057896
0.000280757693158
0.000507319232678
0.000963538768288
0.000233607887091
0.000308441320857
0.000246632405825
0.00147726183705
0.00032782114245
0.000967940721942
0.000213695537214
0.000466736551006
0.00612222584851
0.000565933297297
0.000285784136386
0.000177924978118
0.000663205725014
0.000562209956762
0.000300511249493
0.000235268372138
0.00147154051868
0.000741886191598
0.000258857048818
0.000630852378558
0.000475528196365
0.00065579427417
0.00119373290481
0.000434580112008
0.000243612235282
0.000334144345244
0.000252732707848
0.00032392541824
0.000201454318921
0.000373308886744
0.000190345791981
0.000290166876418
0.000307418986151
0.000206042344136
0.000232601963838
0.000932470995123
0.00057481855938
0.000557076570184
0.000534432827095
0.000196472033883
0.000552726347953
0.000310492316781
0.000684711763745
0.000231302312045
0.000405014906891
0.000643594143796
0.000504166030993
0.00277203786024
0.000610792342821
0.00103388099489
0.000267500626107
0.000601642324754
0.000930868003824
0.000304691788928
0.000303505571323
0.000196607176804
0.00087739391062
0.00087739391062
0.00150205499753
0.000272399482164
0.000487113781134
0.000303096091429
0.000283372481152
0.000376919905001
0.00107177763863
0.000591702226045
0.000336493605922
0.000219179776445
0.0017605159321
0.000318050986823
0.00033062994888
0.00110878109289
0.000251174004014
0.00038963160548
0.000310154248684
0.00030230373336
0.000247682441758
0.000190326583155
0.000545795932681
0.000418023967206
0.000274317272126
0.000388619957251
0.000388619957251
0.000556583133225
0.000341191677947
0.000307171650909
0.000671182102813
0.000470148360175
0.000304078889274
0.000255785447758
0.000523138502764
0.00123404761547
0.000237700288772
0.000253557802034
0.00030979744385
0.00443442306439
0.000360233903322
0.000479112852783
0.000239369500268
0.000424017488348
0.000284710902539
0.000271651698199
0.000329575959413
0.0011871044702
0.000574559511439
0.00208753662826
0.00066994266473
0.000283978389724
0.00127565899434
0.000246074677598
0.00126890008864
0.00448115219928
0.000268863420776
0.000658715437424
0.000368515256314
0.00030403160282
0.00022486518907
0.000309785041494
0.000469826392681
0.000861162241385
0.000751822544403
0.000252824631526
0.00239347741042
0.000248922334888
0.000255940329188
0.000280142605048
0.00141845036629
0.000395531716267
0.00135367094551
0.00129034402736
0.00100120521525
0.000857896052083
0.000234049025849
0.000384184865237
0.000329030245745
0.000284576788547
0.000233810636221
0.000482808596015
0.00038034467638
0.000421803803236
0.000307993804178
0.000606754235259
0.000550587189354
0.000348951364491
0.000553811806009
0.000212770190417
0.00193190100655
0.000309629030078
0.000281315724389
0.00027730437137
0.000235536804706
0.000752270500108
0.000524201127229
0.000497325483039
0.00028253936792
0.00025565613671
0.000358483277198
0.000287130261475
0.000311708803352
0.000204351194689
0.00169427124663
0.000194613140164
0.000190381180007
0.00114838199854
0.000413534200967
0.000229044103833
0.00103669290106
0.000213660097167
0.00162426750534
0.000273503702491
0.000188654050001
0.000804153781031
0.000838760233851
0.000255750298922
0.000304372124305
0.00806781018324
0.000285169677138
0.000375100410397
0.000333911707831
0.000213695537214
0.000300518340409
0.000925189733729
0.000559111236066
0.000225084093129
0.00117596022716
0.000372664661891
0.000220174533112
0.000644873486947
0.000736006321187
0.0011984855265
0.00024988327834
0.00021196004065
0.000317228078819
0.000473462749033
0.000227007023967
0.000596050463103
0.000655498545016
0.000238045041167
0.000365794895112
0.000458451838705
0.00062431320036
0.00044296492127
0.00821962557115
0.000670784426439
0.000273295175293
0.000638869765472
0.00031243683465
0.000206493374121
0.000188791059477
0.000258188357563
0.000536873631608
0.00026442693728
0.000861585286925
0.000412717552956
0.000357104335023
0.000287373214106
0.000359021015713
0.000320075618083
0.000282672969382
0.000330115546975
0.000348290769619
0.000412655410057
0.000669325692158
0.000372970343747
0.000413946874863
0.00017849758586
0.000913890857237
0.000209357010406
0.000312355259668
0.000481932586535
0.00701000561585
0.00156292436103
0.000218187204734
0.000309914679542
0.000466908923862
0.000773639898793
0.00067958035037
0.0015945681015
0.000718565107266
0.000729726922519
0.000964983650408
0.00021367051819
0.000536922723331
0.00033407397106
0.000516468676766
0.00118739022058
0.000987955972671
0.000490479568756
0.000298674083735
0.00027233560693
0.00121029506548
0.000197258530805
0.000381497805161
0.000389226525304
0.00253127080431
0.000468845144736
0.000373141038282
0.000230554880878
0.000623638143466
0.00100340185091
0.000213311472961
0.000238445851584
0.000289380319512
0.000281730134211
0.000352058588577
0.000314434655918
0.000268530074347
0.000467382879773
0.000467382879773
0.000303019314038
0.000285103971434
0.00146962468984
0.00024689341184
0.000267317021364
0.00254276257638
0.000352710397829
0.00108213039398
0.000205818814614
0.000559414206811
0.00146693294253
0.000241685081886
0.000854893320612
0.000605440546462
0.000329632619606
0.000869993010818
0.0014439457945
0.000261841228375
0.000262554597119
0.000752423587482
0.000557518875149
0.000279140181223
0.000508297990276
0.000239249629702
0.000363860247175
0.000397522381045
0.000238672989196
0.000478552166481
0.0002385106576
0.000235829563116
0.000246514353845
0.00102961672386
0.000348855350482
0.000298770469175
0.000217621845818
0.000321192363946
0.000470179963281
0.000362507708906
0.000393204752238
0.000287314783535
0.000535414199557
0.000239768236741
0.000696549639026
0.000455284588999
0.000321132711252
0.000327768450926
0.000305416332372
0.000399365467782
0.00028256934922
0.000202063991584
0.000188791059477
0.000639777189435
0.000201132740923
0.00125867409509
0.000418130565138
0.000270820509814
0.000883073924379
0.000247629746295
0.000326287948146
0.000383838944982
0.000479948146625
0.000209220796766
0.00111847603235
0.000556046877991
0.000308846059866
0.0129617517364
0.000886893937814
0.000349498563527
0.000272236501667
0.000345152761008
0.00424962742261
0.00317465653963
0.00022571671461
0.000473343845928
0.000416990872607
0.000449695262193
0.000575267040189
0.000250397705393
0.00143080486294
0.000388126957813
0.000285494913733
0.000275701711184
0.000319293356386
0.000230495292017
0.000293534748429
0.000640783746938
0.000216464257562
0.000166895946027
0.000243477522192
0.000945916781921
0.000269115855948
0.00020892228757
0.000201767046643
0.000338331571269
0.000560757271931
0.000288015719397
0.000238978570087
0.00321567544789
0.000234012316598
0.000365578437231
0.000241114123688
0.000838527743758
0.00025416778394
0.000286633650371
0.000316804885355
0.000379387793478
0.000390853405834
0.0015662649137
0.00019161566632
0.000856925975503
0.000215458501422
0.000211287877133
0.00101211645692
0.000250506138358
0.000182902794881
0.000437357569484
0.000327163947406
0.000342067895815
0.000229193073214
0.00031672426642
0.000275187225574
0.000969418879314
0.000277743609943
0.000311610807514
0.000188371574676
0.00151959508157
0.000445732088162
0.000284848607595
0.000463015811696
0.000253033564425
0.000242332342698
0.00099119663114
0.000270015548533
0.0022668490334
0.00025034738882
0.000486765877878
0.000380605331534
0.000610802318193
0.000396038806888
0.000657853659157
0.000545310568117
0.000250514380693
0.000372798738892
0.000439152001164
0.000972499408041
0.000331552365894
0.0185750143084
0.000267431116213
0.000320215524665
0.00100520042195
0.000876250051477
0.000253016189722
0.00179637279116
0.000293117136666
0.000559174334095
0.000322841640512
0.000601788011431
0.000263385277728
0.000405892858888
0.00158180426179
0.000365678432139
0.000369114156482
0.000232316890991
0.00060927212768
0.000197839042435
0.00025858026439
0.000388150266654
0.00027571700462
0.000762945735154
0.000461032539763
0.000220834792538
0.000376449744449
0.000344207886286
0.000338277980834
0.000275553944902
0.000298745072907
0.000214069592448
0.000221852032512
0.000237630195105
0.000634941521028
0.000710093883639
0.000532993608806
0.0012905083161
0.00392078173806
0.000532242388194
0.000307640182248
0.000554237055917
0.000400357241038
0.00123764783355
0.000219435992801
0.000260057605403
0.000331423951177
0.000264367282626
0.00126445594546
0.000168159604918
0.000273775474234
0.000582818321375
0.000338634208
0.000714589731518
0.0004676404979
0.00103194062943
0.00048572288976
0.000216114139313
0.000260940570504
0.000353356849132
0.00022289896189
0.000205237899367
0.00085861630597
0.000445798034414
0.000343421265318
0.000655596085547
0.000974572119385
0.000436270849838
0.00054299804121
0.000516591516616
0.00115409565457
0.000856114071739
0.000425475044124
0.000157839524626
0.000157839524626
0.00115363743509
0.000171661315872
0.000824482924903
0.000394960879652
0.000319880278726
0.0011577428586
0.000245172584442
0.00179877531767
0.000221989582151
0.00019146888253
0.00042044473139
0.000298710152188
0.000375061315071
0.000656002357634
0.00826039110065
0.000308275894883
0.00101755463724
0.000278079026909
0.000302391849454
0.000257628381486
0.000203107955072
0.00022538659879
0.00142121201858
0.000879894167561
0.000623289117872
0.00023584142435
0.000197258530805
0.000849722153822
0.000504838961474
0.000222056495343
0.000166895946027
0.000185766643058
0.000185766643058
0.000839858228074
0.000798165697694
0.000254862387822
0.000686739792133
0.000466354310558
0.000329986876754
0.000534460696294
0.000810707082387
0.000269534468431
0.000202253014873
0.000318842127928
0.000347996307164
0.000274929585259
0.000197258530805
0.000258613063872
0.00024774925148
0.000313723080653
0.000306056080408
0.000345461762204
0.00024126629317
0.000213564061669
0.00510755690404
0.000473461438585
0.000207750899093
0.00035524378271
0.000276561449774
0.000149360382729
0.000222669312091
0.000437118956537
0.000484121007348
0.000252775619042
0.000853956715311
0.00140439440026
0.000211118149055
0.0017182949156
0.000275735109406
0.000516190359951
0.000248407125015
0.000628753183032
0.000198555573281
0.000510896663338
0.000554042647851
0.000255029725785
0.000255029725785
0.00559063164416
0.000203308246955
0.000928769677749
0.000202407758193
0.00193734579383
0.00117197731862
0.00042324430474
0.00139063196883
0.000194565746275
0.000591449368529
0.000461837119869
0.000276787087772
0.00293382389712
0.00110406541934
0.00145817097227
0.000714133908661
0.00064564165605
0.00309768801318
0.000383242877905
0.000267282679692
0.000814991621824
0.00154763493442
0.00049553526318
0.000508937499491
0.000531742465349
0.000228369186768
0.000469141927104
0.00033796629844
0.000303831886872
0.000486141473915
0.000401548460247
0.000715204086831
0.000229683129673
0.000311135168746
0.00260095667588
0.000226281315005
0.000603081219007
0.000924315126519
0.000187160591473
0.000414376142509
0.000643491665158
0.00025195208107
0.0010247436156
0.0010247436156
0.000309165246959
0.000644371241965
0.000316810872477
0.000326171528266
0.0020352238082
0.000234760478611
0.000552189499622
0.000499919056964
0.000217347231849
0.000451094406201
0.000556429194642
0.000316790990974
0.0003607161522
0.000373238843517
0.000418247791544
0.00152940381172
0.000254983437969
0.000463889268373
0.000497813500692
0.000604166896386
0.000200546925471
0.000190496525842
0.000268945514895
0.000222832413523
0.000224185624381
0.000470231201448
0.000284903937687
0.000862971875504
0.000218474218101
0.000360917295232
0.00031133290044
0.000205348576547
0.000754521379698
0.000270901366214
0.00113230975963
0.000263493872233
0.000238270385809
0.00477680302734
0.000633198978855
0.000377933433354
0.000221799921085
0.000341036150338
0.000374046234191
0.000412030958089
0.000268537408114
0.00130903175662
0.000205258028788
0.000450131375968
0.000224222782793
0.00749300638111
0.000541137591754
0.000611622014928
0.000743486869472
0.000190182845118
0.000226572265715
0.000332715204193
0.000320539530404
0.000269474091957
0.000419875621418
0.0011924995519
0.000525676382394
0.000848971342008
0.00376406628134
0.000550054938735
0.000240110337201
0.000272320183585
0.000253349958637
0.00106970456388
0.000336856425265
0.000187217424982
0.000371742991601
0.000556503165195
0.000455369516833
0.000622148192689
0.000259889366948
0.000585364378009
0.000765401418787
0.000630542942875
0.000386925787077
0.000710333356442
0.000559044898799
0.000353396098951
0.000307163620051
0.000593138792281
0.00126687371923
0.000211527675092
0.000240645218793
0.000295803773421
0.00132775334376
0.000349259679469
0.00362105220458
0.000553316896214
0.000376769259645
0.000303985617236
0.000236970728358
0.000222715927154
0.000279308441221
0.000464351286535
0.00166016485026
0.000374064905126
0.000211623947737
0.000210121382183
0.00299502036575
0.000760721392835
0.00158177001839
0.000367164565139
0.000664782573977
0.000535200854944
0.000397848094363
0.000189987299996
0.000223667317956
0.000229433170757
0.00120645037786
0.000399799986948
0.000491635773327
0.000280655908167
0.000604302897807
0.000208271576986
0.00279943690016
0.000739793442361
0.000185766643058
0.000159419500134
0.000302105217722
0.000856344710699
0.000350469622962
0.000648961283379
0.00138441575899
0.000455473666563
0.000842873547175
0.000468403046174
0.000211623947737
0.000794265252272
0.000209341503753
0.000618496173569
0.000296364947979
0.0010053954363
0.000231965786713
0.000258164380811
0.00024759425083
0.00019765414285
0.000278166859406
0.000345330405279
0.000235101191412
0.00123015707311
0.000214024699474
0.000251101283828
0.000288362573738
0.000232310540257
0.000373889232044
0.000259390964624
0.000654540878067
0.000242964059795
0.0011282642808
0.000211836333441
0.000883893540362
0.00037753862965
0.00525097635965
0.00031929314178
0.000299436710567
0.000301845425863
0.000509262649797
0.000226745402038
0.000351327056312
0.000517598799909
0.00064135465673
0.000926090255048
0.000674269269369
0.000404813906823
0.000291342001073
0.000164143059165
0.000164143059165
0.000248143289182
0.00127176498555
0.000213402948162
0.00025394057425
0.000574522888494
0.00053275498394
0.0437663522718
0.0435625046529
0.00103275343982
0.00101686030576
0.000384029462963
0.000213010154921
0.000467797469182
0.000453430191901
0.000535812193729
0.000409036653617
0.000237838980926
0.00047516022864
0.000686919196995
0.000321685472147
0.000638318302177
0.000253446572219
0.000511313837814
0.000535088062872
0.000535088062872
0.000194458300935
0.000194458300935
0.000214218961074
0.000635813469229
0.000239480908987
0.000234902575122
0.000216611280141
0.00503822889131
0.000249791438678
0.000209689383151
0.000265765192533
0.000239901252043
0.000247695654925
0.000662942437411
0.000544601338147
0.000190743735067
0.000237023581497
0.00154964286075
0.000166946340108
0.000248407125015
0.000277631433241
0.000166509729454
0.00114285036506
0.000259750354244
0.00155043547959
0.000299491703338
0.000580880254271
0.00120688736515
0.00213345265641
0.000233650112206
0.000233909967101
0.000524488142151
0.000221492296258
0.000280733430868
0.000221149022826
0.00017382635336
0.000760310101272
0.00029831544888
0.000253379456553
0.00124650899572
0.000327050647504
0.000235501602106
0.000302194050397
0.0258526858616
0.000517203795109
0.000224840532271
0.000248005895626
0.0126910867122
0.000795647560953
0.00027252095972
0.000335114627966
0.000358231239537
0.000385777794479
0.000880751806984
0.000190719547234
0.000234375274588
0.000350328737399
0.000626273522984
0.000185946072221
0.000436599403676
0.000226489956322
0.000308636674302
0.000251060216166
0.000263986753012
0.000224879974997
0.000173254833163
0.000620289162724
0.000422085473671
0.000636870234144
0.000254296235606
0.000237385224543
0.000228581780608
0.000393995852143
0.000241886550911
0.00163152785113
0.000225790793919
0.000322653917939
0.000674681074265
0.00186832766541
0.000448888892276
0.000768118273576
0.000475542201367
0.000376449382356
0.000270997489991
0.0056947761693
0.000587104557475
0.000447373874686
0.000216944527766
0.000273118385243
0.00019555599906
0.000349687716435
0.000591388819801
0.000768848063843
0.000236995365283
0.000195437406404
0.000456003779084
0.000338257411456
0.000359817363606
0.000239743099545
0.00160888230421
0.000308421575255
0.000332017613059
0.00061483041428
0.000373806191022
0.000289622341041
0.000596545233137
0.000502359397689
0.000245085455895
0.000374660063425
0.000871824001675
0.000256095123158
0.000452263593821
0.000230273533713
0.000312479068833
0.00353184328684
0.000390493890591
0.000668977318892
0.000365590970452
0.000540861152047
0.000794443814828
0.000245428524508
0.000344889365143
0.000248653095733
0.000295156847868
0.018130729347
0.0012386218714
0.000414126769325
0.000319594645119
0.00055248360556
0.000267882495689
0.000281689721729
0.000430628815447
0.000246439984833
0.000242314976316
0.000492093884403
0.000259282246776
0.000582534078653
0.000274168514209
0.000426158417023
0.000788859371253
0.000474923798395
0.000237141202136
0.000532534707772
0.000329126096373
0.00147925706127
0.000397653060782
0.000972648461795
0.000201439449565
0.000481994904156
0.00030956115291
0.000299302224423
0.000686930276184
0.000367034929356
0.000343306690887
0.000518251559317
0.000219094319323
0.00020274673521
0.000235212617081
0.000690611528188
0.000400753607168
0.00218030134196
0.000247312864506
0.000349148481201
0.000280206371961
0.000177205078972
0.000352263401402
0.000275829356315
0.000754855828255
0.000363865918365
0.000316807446069
0.00149494187411
0.000223962097153
0.00129370319447
0.000272094709274
0.000285330993051
0.00247553867861
0.00114353511637
0.0100012596239
0.000428178008236
0.000617423310919
0.000187429794949
0.000300126763991
0.000339753469941
0.000219285188263
0.000774397907983
0.000235263174783
0.00108747016054
0.000666680180397
0.000313729139888
0.000341383714768
0.000315358857126
0.000237615016025
0.000461016768328
0.000479255518575
0.000306042880121
0.000226307972282
0.000380217674472
0.000295846409434
0.00244342339877
0.000227337649462
0.000330061257597
0.000246655240956
0.000318653521325
0.000276426082042
0.000679609851699
0.000238478852209
0.00103586619407
0.000437357569484
0.000198555573281
0.000244786872499
0.000244786872499
0.000314154459089
0.000453587120479
0.000262143544504
0.000224635215763
0.00156575043222
0.000281501513614
0.000959573222844
0.000209673120079
0.000450436054348
0.000255433170372
0.00153320251871
0.000257131019022
0.000190751345256
0.000576082096772
0.000478657416674
0.000255174133337
0.000313398614729
0.000240834326426
0.000283468467027
0.000716064411606
0.000258531537596
0.000460365406727
0.000450049665093
0.000339099777159
0.00424151103764
0.000312308894694
0.000227227079361
0.000187411171518
0.000582307016804
0.00302460672777
0.00288743408959
0.000443442304354
0.000230417409345
0.00028037513541
0.00120685136102
0.000183208269542
0.000261013186683
0.000229196152595
0.00082483961864
0.000197258530805
0.000353383109127
0.000399218941248
0.000435755828098
0.000197258530805
0.000156328808411
0.00077426134988
0.000230585449963
0.000524023856282
0.0098454640512
0.000595231788717
0.000823825772889
0.00025442604875
0.000333213671898
0.00043846763688
0.000312567477956
0.000281868920019
0.000174746792961
0.000930704600234
0.00111351557971
0.000485083249119
0.00023598190968
0.000464481298437
0.00037315146375
0.000631130784374
0.00124849361418
0.000314629926171
0.000732764324347
0.000669123617167
0.000432613146551
0.000411027378399
0.000227382931081
0.000249448772324
0.00336760187544
0.000761217068684
0.000243237627961
0.000254345974996
0.000420722640152
0.000538377737731
0.000204526733148
0.000165655195697
0.000276469176626
0.000217031996314
0.000460207612687
0.000347300475051
0.0002363369191
0.0029435456783
0.000178865691294
0.000307413499032
0.000165196349264
0.000234906429254
0.000294978603986
0.000425638609304
0.000399112829667
0.000301138336622
0.000301138336622
0.0012157232917
0.00102452875922
0.000692077285676
0.000412842123075
0.000934183618323
0.000597809507502
0.000247984667842
0.00177686676156
0.000304217551139
0.000265025599052
0.000565928051683
0.000250336649673
0.00120045677773
0.000234012316598
0.000359367042422
0.000291326828922
0.000573160130672
0.00060966025532
0.000215425089346
0.000221855610637
0.000565327357657
0.000251141127286
0.00115385988107
0.000239390718515
0.00024396163093
0.000304999002808
0.00165688464755
0.000604300211735
0.000185495641894
0.000161806057879
0.000630737318323
0.000527714959087
0.000549027118601
0.000242332342698
0.000300941152863
0.00029657118279
0.000806392200691
0.000246084460446
0.00106686492035
0.000942974582874
0.00038182991014
0.000316902202425
0.000382190126501
0.000689274379606
0.000659526233047
0.000218307688233
0.000951396389712
0.000253557802034
0.000290523094418
0.000566145828467
0.00177281358492
0.000195045739885
0.000228249229606
0.000444902534503
0.000254708414329
0.000408319583596
0.00329592864185
0.000316935771737
0.000300691081734
0.000241478404844
0.000207672250001
0.00059605484601
0.00041371264491
0.000515131825597
0.000354272898273
0.000204631256235
0.000599846051672
0.000338708805297
0.000403094594597
0.000715104422591
0.000347261718129
0.00029095316627
0.000249254142984
0.00436746867744
0.000389145565539
0.000518116389029
0.000201089700699
0.000529594554662
0.000272074817779
0.00038561196072
0.000340146949686
0.000583966059574
0.000888443419275
0.000646231871129
0.000268522526141
0.000238373582859
0.000384643042385
0.000427501328708
0.000154787132995
0.00193205297305
0.000252560243807
0.000266027303027
0.00144404446518
0.000195038058518
0.000258736425766
0.00027022994118
0.00038594491322
0.000244815174441
0.000685557566068
0.000321506802562
0.00023397770251
0.000286034462309
0.000742020262092
0.00256609246497
0.000480864098216
0.000283343214307
0.00022330533373
0.000259700938339
0.000214650511689
0.000304958045333
0.000400230812234
0.00129133496845
0.000484828188483
0.0006243751153
0.000282175161941
0.00109592032876
0.000281153735747
0.00164814142421
0.0015989097073
0.000744111981462
0.000653985282609
0.00141192708992
0.000520731959587
0.000553235858992
0.000961168779764
0.0007375813445
0.000645723071982
0.000274503607602
0.000513071096246
0.000385897421348
0.00062895892915
0.000226229878208
0.000279379546207
0.000445872073261
0.0012411409749
0.000853540343853
0.000573208613757
0.000476069046322
0.00023155657205
0.00196891479066
0.000222165991423
0.000259366267484
0.000337992923607
0.000612415540645
0.000183731079034
0.00129227276387
0.000164143059165
0.000241791565482
0.000276057236732
0.00020596410905
0.000193318179316
0.000512818706014
0.000305088992068
0.000255701541293
0.00021984832346
0.000300027679119
0.000313382414214
0.00126679635053
0.000186863908725
0.000278815200564
0.000959745717583
0.000550422562074
0.000515086668842
0.000363430407095
0.00307513588565
0.000204531055132
0.000201919088778
0.0017288291544
0.000209858901724
0.000618803230224
0.00119022348831
0.000867041811966
0.00201291894884
0.000157025613925
0.000218126020926
0.00262474951428
0.00030123047678
0.00034975097894
0.000304725439765
0.000250000988536
0.000241219238177
0.000263256687216
0.000996795688424
0.000221212215166
0.000327121537279
0.000732335610747
0.000230906627179
0.000423969341961
0.000295287367034
0.000295287367034
0.000241264740906
0.000614551948309
0.000437114640488
0.000357765248002
0.000323842577663
0.000231564336568
0.00326552954821
0.000696955750814
0.00111552517082
0.000713707260645
0.000559248644808
0.00105612788271
0.00710496970862
0.000595664843267
0.000317548278585
0.00107084549468
0.000347145708665
0.000357130108952
0.000166895946027
0.00298632898268
0.000368985102209
0.000266467427416
0.000379448676551
0.000342107684755
0.000414206359884
0.00394269987117
0.00081826542861
0.000273420320035
0.000201149668639
0.000507506931305
0.000437581669969
0.000240539010007
0.000347230443798
0.000260918634129
0.00180104820308
0.00032584958893
0.000420216592751
0.00151517154058
0.00060615663758
0.000506092073538
0.000665873116056
0.000486209310576
0.00151829725743
0.000317339963529
0.00115710404228
0.000626112301933
0.000362713758797
0.000313505914637
0.000219602268085
0.000281170265492
0.00067008164342
0.000307623713531
0.000197258530805
0.00018984091602
0.000927082338244
0.00023238226709
0.000220187098772
0.000573750373418
0.00113050905067
0.000524730102264
0.000625072847872
0.000270816858378
0.000820079058956
0.000286579797641
0.000370109385675
0.000543352837253
0.00143981438207
0.000179362305374
0.000621597559305
0.000537013342283
0.000639938035399
0.000211596401863
0.000197258530805
0.000197258530805
0.000319029258763
0.000851579654833
0.000355675900854
0.000205028363419
0.000397901758613
0.000424904299489
0.000258234569754
0.000330347655204
0.000367826215094
0.000479789092339
0.000568987125642
0.000571306069514
0.000314023050256
0.00153409887282
0.00034304072175
0.00226724935281
0.000197258530805
0.000214108968553
0.000245172088759
0.00546240233759
0.000285592445371
0.000322662846082
0.000442310815583
0.000245561530685
0.00114580849541
0.00024446440323
0.00160883025909
0.0001562259232
0.00158976646016
0.000310154248684
0.000345164072221
0.000221796441209
0.000279365515561
0.00105244580616
0.000514999728619
0.000324262207619
0.000285122941931
0.000277018410522
0.000461670533441
0.000208705533513
0.000299862556711
0.000407407935691
0.00212974638131
0.00197360726629
0.000259732817097
0.000794136197184
0.000299701489505
0.00169498001191
0.000337626898358
0.00034875531595
0.000444019084283
0.00621079683062
0.000371864517501
0.00031027677602
0.000242600377268
0.000184289309012
0.000574259763954
0.000264314967391
0.000419254781916
0.000190624152851
0.000179537945881
0.00199689329345
0.00039877323704
0.00096296961564
0.00165543825909
0.000232697234449
0.000255785447758
0.000260982581841
0.0002660732298
0.000555257907363
0.000238921777031
0.000156328808411
0.00127789668171
0.000258260827705
0.000234698799896
0.000234186373782
0.000608715497976
0.000170698672405
0.000317949541661
0.000252932648958
0.000268596646653
0.000868839269665
0.000266978998553
0.000721688485608
0.000233088169178
0.000207012032835
0.00393830116869
0.000254217031152
0.00215037159764
0.000362274909171
0.000823183226656
0.000473337902695
0.000430956416081
0.000225737144739
0.00217864547448
0.000255627142881
0.000462881812491
0.0002164661163
0.000379200353809
0.000194951129531
0.00177346147493
0.000750571851487
0.000587678772482
0.000288609441496
0.000345721231399
0.000255613684106
0.000283118650287
0.000232838164476
0.000425325780579
0.000322397474678
0.000224248337912
0.000224248337912
0.000704209735893
0.00496107308728
0.000265367448237
0.000977255848245
0.000398738007939
0.000514552816113
0.00025531376522
0.000168387633976
0.00118081639038
0.00603383229782
0.0010810161728
0.000260930801242
0.000970969203177
0.00023853337828
0.000341178806294
0.000197003815981
0.000164850563281
0.000230945879522
0.000221211503571
0.00114669065955
0.000240885755247
0.000216161159299
0.00033165116393
0.00184515359788
0.00179813625084
0.000545749266531
0.000293798106026
0.00158175660477
0.000159419500134
0.000623433061114
0.000728636997472
0.000725500945385
0.006857063671
0.000306144867608
0.000378540397364
0.000317587353984
0.00128424854831
0.000323189631533
0.00022289896189
0.000166752362896
0.000314043915781
0.00151036004306
0.000223715796797
0.000242569118216
0.00111508774126
0.00049886412885
0.000271025339357
0.000310189300754
0.00868942621896
0.000765919104502
0.00020329782986
0.000547433066656
0.000237556590467
0.000545021586146
0.00042936501472
0.000253696687627
0.000294469837699
0.00043657501371
0.000455729962741
0.000478289598925
0.000262071668519
0.000278767220702
0.000554877374685
0.000494076777348
0.000248723254352
0.00040973855109
0.000747728975086
0.00023020915464
0.00083691832487
0.000301626290015
0.000267341576337
0.00477991135775
0.000218951838754
0.000240642951898
0.000314843302217
0.000276702524757
0.000263086530571
0.000517452839132
0.000398919662552
0.000184505269508
0.00024284503402
0.000375817656062
0.000188235097177
0.000510326181854
0.00038128006877
0.000415509861562
0.000445252135801
0.000339648814505
0.00071434382085
0.00147147526768
0.000406004853969
0.00715743619211
0.000536704151248
0.000301613375016
0.000316016981687
0.000337623024147
0.000194717072998
0.00107403172391
0.000432705538265
0.000987592256064
0.000201777835809
0.000848968842732
0.00036298222712
0.00070682372635
0.000250529552577
0.00115958144983
0.00186582939881
0.000262728198836
0.000272503721671
0.00104452240099
0.000241952518661
0.00021089745524
0.000351380891954
0.000254088180424
0.0234080325112
0.000336114168726
0.000296042007937
0.000457301434757
0.000200796262883
0.0063995955789
0.000220506037774
0.000289161780667
0.000363657476164
0.000713182465633
0.000667454842608
0.00112626681217
0.000208632515938
0.000373637416896
0.000389101217929
0.00103011840112
0.000301284233631
0.00017382635336
0.000261579920313
0.00057175666536
0.000635229860721
0.000252508152112
0.000467608136994
0.000427462761348
0.000779875343042
0.000414766531881
0.000289122846672
0.00156321430927
0.000251288150073
0.000814935868248
0.000420784987852
0.000568496792011
0.000256334212799
0.000777662266866
0.00174146927299
0.00654991744765
0.000560952743781
0.000382972719238
0.000516770848172
0.000196565125099
0.000295289236862
0.000270552027147
0.000542340602824
0.000262469488035
0.000248332639276
0.00252492005863
0.000206570335972
0.00028363276326
0.000300926271292
0.00065850448525
0.000288087760493
0.000420371738758
0.000635135685838
0.00139212773429
0.000393356084614
0.000690437184479
0.000268471054759
0.00118963093596
0.000154043746129
0.000204153753092
0.00095034542243
0.000510228087444
0.000671225743672
0.00050041980838
0.000189358683139
0.0231829357678
0.00309105521477
0.000645680754583
0.000512343331746
0.00143358974703
0.000574451767392
0.000302908271991
0.000275693790745
0.000471398821512
0.00036179208604
0.000241951686336
0.000379038706294
0.000687499355034
0.000319012817112
0.000730550294613
0.000247485434626
0.000474940290423
0.000234902575122
0.000436828202083
0.000179196052619
0.000178752309601
0.000922243948835
0.000254774928761
0.000304365695913
0.000345814831447
0.000442125001265
0.000210515689565
0.0085790292819
0.000225726582768
0.00110490067489
0.00114342288245
0.00101888367751
0.000247548760267
0.00603852604114
0.000391404343197
0.000340427602337
0.000205240191748
0.000286388285316
0.000206077283732
0.000421365234274
0.00025204303457
0.000357047490625
0.000270661498876
0.000335050611134
0.00360937325151
0.000312881704078
0.000923825640499
0.000271134216465
0.000619197296104
0.000279024630327
0.000456341980166
0.00236926787511
0.000180729194844
0.000232405603631
0.000300357777722
0.000363467803815
0.000232902788746
0.000282903210298
0.0002595130848
0.00115234843784
0.000223643163149
0.000317621467367
0.000306190746704
0.000605205896114
0.000234026146569
0.000561991467331
0.000456445828234
0.000361256402702
0.000321947551318
0.000547026432132
0.000392262256411
0.00113369733422
0.000977255848245
0.00109494940196
0.000626881811561
0.000266075728067
0.000393424701877
0.00021447021126
0.00300867579685
0.000173336207591
0.000951196506203
0.00065841572037
0.000270356730459
0.00167469094419
0.000973240479587
0.000530125307376
0.00507762111647
0.000272303546175
0.000599783101257
0.000229271518375
0.000872038886387
0.000232256783655
0.000226183083784
0.000874973970867
0.000282953122577
0.00617401856319
0.000171414507979
0.000207276163193
0.000527032301365
0.00033600603543
0.000537849023333
0.00209564819767
0.000750061643419
0.000376045082889
0.000306870464276
0.000297364636247
0.000432067677673
0.000543898039685
0.000410852002482
0.000157866741084
0.000257613763101
0.00180326422218
0.000688019965082
0.000378408762426
0.00369165374566
0.000348870252001
0.000260842821956
0.00052719007894
0.00023598225022
0.000506729668279
0.000389880108907
0.000299358853491
0.00106706748534
0.000179002502939
0.000390768682216
0.00150536782386
0.0034899625017
0.000438565616377
0.000244643389938
0.000344222464208
0.000501769215056
0.000366493714725
0.00049814043493
0.00152294697578
0.000355197691147
0.000246931756999
0.000449910307993
0.00128637799369
0.000271898157808
0.00380945601252
0.000241435071948
0.000276705377768
0.000371514410634
0.000257112190684
0.000238109822558
0.000543898039685
0.00130720471895
0.000360146103969
0.000872663097393
0.000662250797726
0.000259119372359
0.000959215871984
0.000309494666103
0.000246654249074
0.000378156745906
0.00022679100995
0.000592585522808
0.000512472576707
0.00356082096296
0.000225268553626
0.000292581672113
0.000177423427483
0.000347812610058
0.000253531333442
0.000385609033285
0.000594466514129
0.000263173996065
0.000282290401031
0.000253449110219
0.000247033483813
0.000203335114679
0.000534138998163
0.000241062902438
0.00278355456068
0.000286792698557
0.000233086523515
0.000863693879492
0.000300359812234
0.000654196515585
0.000373370933198
0.000160020638027
0.000412534864416
0.000253016189722
0.000203803517788
0.00111867573946
0.000232423717497
0.000341522549302
0.000427182684185
0.000393507731036
0.00024141440692
0.00115097895476
0.000728398415847
0.000277673541295
0.000548526775016
0.000265312795856
0.000468775205117
0.000379121410039
0.00287803240793
0.0011558419349
0.00122701811038
0.000694955844377
0.000239479573503
0.000667211444869
0.00083329992033
0.000341356910434
0.00022064777879
0.000258094310452
0.000272055725074
0.000786425449846
0.00022664125651
0.00110872879661
0.000526098381645
0.000244443167703
0.000408960924086
0.000205753452789
0.000347699069119
0.000286511210665
0.000639511764322
0.000216099490457
0.00139056366066
0.000284449203233
0.000438300581092
0.000200980064766
0.000260917589754
0.000806148889504
0.000221794018171
0.000449723355167
0.000619095174081
0.00040756193568
0.000802525014978
0.00131980808428
0.000711197560947
0.000363665993022
0.000910523914796
0.00121437436306
0.000414687345383
0.000222932167141
0.000871315193978
0.000711854785814
0.000601614746725
0.000290281949228
0.000348219861354
0.00180715252809
0.000357569917953
0.000348115364277
0.000175406688435
0.000210708973098
0.000247877115554
0.00060761912786
0.000905126727652
0.000250700693076
0.000496797296108
0.000587078610572
0.00016477504951
0.000287703567767
0.000932827271693
0.000238497939301
0.000246362931204
0.0043766308577
0.000233796577489
0.000263014571031
0.000212368256495
0.000428711655389
0.000771950416963
0.0011314335842
0.00040596166963
0.000828422379929
0.000222227725333
0.000941315119649
0.000464252090773
0.000369451564569
0.000267554841356
0.000641894478807
0.000662413602508
0.000213068963812
0.000326830089095
0.000300224025807
0.000482566646638
0.000225632499188
0.000289697266667
0.00192444859197
0.000956480422198
0.000832114974907
0.000510034007495
0.000204733670285
0.00054216751435
0.000383747916585
0.00113720832699
0.000468468029456
0.000289672021171
0.000294000829466
0.000296370488809
0.000198293221471
0.000852880819636
0.000751104909129
0.000482202922448
0.00032992244866
0.000258432795284
0.00172334719939
0.000597402629464
0.000193830062836
0.000492814955009
0.0002188254874
0.000166152292004
0.000355088858863
0.00071591160532
0.000589306564002
0.000252444742125
0.0021325985769
0.000334578817349
0.000446987019772
0.000362275244699
0.000234926273844
0.000330159210672
0.000883827813069
0.00113765510414
0.000451856607335
0.000564153758183
0.00063107067307
0.000208342013599
0.000230600629218
0.00933590620235
0.0010790037083
0.000335836198323
0.000244372982808
0.00454244299352
0.00386842419464
0.000433224297127
0.000245327038905
0.00028302319859
0.000741320054637
0.000235071804469
0.000303466860931
0.00026851880839
0.000626076917509
0.000407783106631
0.00102621836074
0.000595746269611
0.000262360002087
0.000368949876851
0.000250639386591
0.000173448334023
0.000234209973389
0.000645413832363
0.000323337449826
0.000766702653308
0.000222059360441
0.000216642554275
0.000503269429005
0.00051186050813
0.000298156165653
0.00029861295774
0.000310862403069
0.000195379410956
0.000448357788884
0.00020533049094
0.000693570483539
0.000281499726358
0.000274042474456
0.000449228514198
0.0121784413837
0.000239530723042
0.000407006918378
0.000309009299354
0.00588111170759
0.000615345128968
0.000188628319783
0.000601024694374
0.000586995783406
0.000271439357323
0.000230224939261
0.000728282135102
0.000464520826492
0.000482453286067
0.000367661123299
0.000455944262528
0.00022779846423
0.00548973249007
0.00023324770732
0.00035751196861
0.000391514846982
0.000453554572179
0.000270660536908
0.000280673472959
0.000340002770734
0.00188655138716
0.000166509729454
0.000471622992468
0.000220586306866
0.000347623064479
0.00353930910363
0.000363791460759
0.000390814825898
0.000934740606842
0.000319366140466
0.00023769084521
0.000276956060456
0.000254532316769
0.00028338186507
0.000630620458038
0.000337467783391
0.000198840782886
0.000268018658091
0.000856282545254
0.000394094139226
0.00369926958525
0.000510181295609
0.000188972824689
0.000917351440964
0.000526281887713
0.00206864758733
0.000157839524626
0.00106208524968
0.000230910875631
0.000455413870356
0.00024682258261
0.00294012404474
0.000214842596681
0.000274320689162
0.000348022039738
0.00035358639331
0.000942295267997
0.000269896926328
0.000532065226107
0.000232201034371
0.000551496423702
0.000226830230841
0.00147398158067
0.000405610384057
0.00025555233847
0.00260186637056
0.000578093539787
0.000786207669666
0.000393148218127
0.000634397530418
0.000580825687898
0.000768047254441
0.000255437308142
0.000482603317627
0.000276369039774
0.000519983632674
0.00034741164809
0.00031823513702
0.00271149495853
0.000280969559592
0.000407079989811
0.000191797933998
0.0002156890504
0.000233918474972
0.000313352076769
0.000190418767242
0.000354177422105
0.000311547438832
0.00248296946566
0.00106278712539
0.000234320755591
0.000188167140571
0.000225634925149
0.0007294813843
0.000351118258034
0.000229485839368
0.000191242830392
0.000299611265799
0.000274352583008
0.000503863273542
0.000344059171835
0.000333098231783
0.000355960686916
0.000186966512518
0.000789804289841
0.000272319796691
0.000405169479765
0.000300458184713
0.00109737065575
0.000185495641894
0.000246097239674
0.000206157463298
0.000296686860995
0.000584890869948
0.000242771656544
0.000246365714359
0.000418622637811
0.000308784076973
0.000157634240872
0.000281725149513
0.000539510196176
0.000447323567819
0.000226192793003
0.00032881859184
0.000313149639916
0.000850698718141
0.000230228361863
0.000203482495804
0.000638938256615
0.000334703289684
0.000250029762001
0.000309473107912
0.000945383119768
0.000198838595176
0.000780938825006
0.000443293054011
0.00216121576114
0.000911702162982
0.000357139507983
0.000502877163417
0.000362925256504
0.000402904527765
0.000184317256258
0.00049712490521
0.000227061080866
0.00033756839516
0.000283539697231
0.000258517766888
0.000575667857847
0.000504873073226
0.000283999747677
0.00038797368759
0.00308949242054
0.000926693571326
0.000323205497025
0.000606426940112
0.000328525833726
0.000357804046281
0.000296228314044
0.000266768445986
0.00178593654047
0.000222556916509
0.000211221336091
0.000267170200464
0.000257295454801
0.000257295454801
0.000561898225379
0.00032628967372
0.00032628967372
0.0011569035072
0.000239726243728
0.000180247591883
0.000180247591883
0.0310072530041
0.000252238732736
0.000240161335683
0.000670685457909
0.000348251988462
0.000405335867456
0.000247282159525
0.00054917142718
0.000341665944032
0.000275781531125
0.000270196152971
0.000476523562664
0.000432307973526
0.000544426964625
0.000563900427561
0.000468535036459
0.00153272395003
0.000513535591844
0.000220661777745
0.000312181969774
0.000227517482903
0.00034818097415
0.000910331566919
0.000213564061669
0.0004874853333
0.00029731528103
0.000184352674083
0.00140089560822
0.000293294085778
0.000349142073014
0.000648881742667
0.000225056847451
0.00117759571296
0.000239638848564
0.000642341841124
0.000821611433782
0.000252470444931
0.000231909056421
0.000288401982966
0.000307042555111
0.000511860455708
0.000896475390552
0.000740193288948
0.000301812478929
0.000269482973617
0.000242333482697
0.000703507077573
0.00025008493174
0.000960648459921
0.000190822725779
0.000288872697895
0.000337461114867
0.000391862401689
0.000211605850011
0.000392537735123
0.000188265427646
0.000265624537663
0.000266064120342
0.000571690130626
0.000398033597097
0.000596569246429
0.000214997213286
0.00108427412457
0.000922127634447
0.000357823343662
0.000619122300091
0.000364749909776
0.000408627142733
0.00136243041036
0.000245507464404
0.000806042252834
0.00153260606636
0.000237581729668
0.000395635459011
0.000268463556178
0.000822399097833
0.000430760968731
0.000416100770243
0.000394960879652
0.000298849895069
0.000323196629838
0.000430396946427
0.000301174267631
0.000230123508937
0.000554433405754
0.00234161476555
0.000286715841846
0.000287589975549
0.000214003157385
0.000980652561531
0.000252566832887
0.00526614601039
0.000278146952901
0.000339658096892
0.000214429617539
0.00061058155429
0.000214954487262
0.000452026912599
0.000945346170138
0.000420440420272
0.000370197552612
0.000227710617227
0.000474231173869
0.000377311097613
0.000179303853158
0.000321005145489
0.000282236231639
0.000181882361662
0.0162681970841
0.000386375473831
0.0004858185407
0.000320316915693
0.00142734290067
0.000241851560318
0.000227643672309
0.000220165595
0.000474588163567
0.000374902797626
0.000393772040747
0.0002733260007
0.000976014949623
0.000411144935255
0.000663477181222
0.000378540397364
0.00132218014602
0.000709650181998
0.000326328598521
0.000505529009324
0.000512539029514
0.000753605700843
0.000322436944948
0.000317621467367
0.00016792008833
0.000170948526301
0.000207065681328
0.000854179795146
0.000386298861486
0.00200952600625
0.000904660681608
0.000955130110714
0.000756447945407
0.00345365421076
0.000273376109109
0.000223549298443
0.000221902478305
0.000550542707398
0.000229600447671
0.000167961448656
0.000178718692605
0.000237085078899
0.000485870290746
0.00979851479056
0.000190592800114
0.000535089852892
0.000859363353914
0.000356644961503
0.000229613474935
0.000217765959493
0.000272707799456
0.000271518407218
0.000538943931647
0.000255785447758
0.000259900770815
0.000297879876852
0.000166895946027
0.000310210843263
0.00182850744953
0.000557591478112
0.000306562919614
0.000309375952556
0.000239146411422
0.000298026067563
0.000212759826069
0.000456537799388
0.000320555134226
0.000487457325936
0.000259003345366
0.000253611452147
0.00101798125403
0.000412908940698
0.000373127573535
0.000338718037255
0.00023360801019
0.00023360801019
0.00192604212456
0.000892813642834
0.000966391343953
0.000294463341652
0.000628932620783
0.000255495624498
0.000202735354734
0.000487149729996
0.000296952831424
0.000469813273152
0.00254312517935
0.000369343445941
0.000391917162492
0.000771429852698
0.000413318931019
0.000609739283996
0.000375036996047
0.000362760863458
0.000702249926498
0.000337567085148
0.000231687474059
0.000291181820562
0.000481960652385
0.000219804302598
0.000693277226959
0.000504983715341
0.000272882406428
0.000272882406428
0.000537595788482
0.000238606551745
0.000226274138443
0.00155430018133
0.000937616796185
0.000721932757253
0.000527554991014
0.000300346666512
0.000291282910477
0.000406160323741
0.000554589649661
0.000493465763131
0.000274964050579
0.00030813840507
0.000321932580444
0.000628870611703
0.000304198092585
0.00030284432763
0.000317925355111
0.000217106997121
0.00024049358956
0.000587445630794
0.000468958881367
0.0002383568248
0.000242880099279
0.00054782620938
0.00144935352559
0.000231019922189
0.00116607335886
0.000395357626516
0.000948509698589
0.000602118216232
0.000922055876484
0.000443407359199
0.000234902575122
0.00020072488386
0.000296271933302
0.00396846248284
0.00152096528418
0.000292335815398
0.000196401174985
0.000243662806012
0.000222003892082
0.000335928229918
0.000791763672644
0.000378566202324
0.00155112883761
0.000274979947795
0.000212909625583
0.000453353686248
0.000322653917939
0.000630051414123
0.00107668634472
0.000340388394028
0.000248204863817
0.000690389133858
0.00038753700464
0.000382980381772
0.0013032849806
0.000280730758399
0.0025871803756
0.000456103830864
0.000204273724647
0.00074783295749
0.000238463604945
0.000186966512518
0.000674681074265
0.000212307302972
0.00232925180591
0.000249908424072
0.00018337528746
0.000326869771189
0.000359636947242
0.00096241863483
0.000221026817777
0.000295238226619
0.000693113124788
0.000178964450878
0.000198929212487
0.000313321642275
0.000186019174755
0.000241871466092
0.000461232654236
0.000225065354403
0.000517276580258
0.000385834084992
0.000221033357068
0.000221622985847
0.00025820914715
0.000221022581642
0.000265717679823
0.000234902575122
0.000234902575122
0.00093456529398
0.00517511875912
0.000251119340878
0.000352268425789
0.000540043845459
0.000366763290533
0.00024925180676
0.000741992796993
0.000393210895821
0.000299764600521
0.000759457681892
0.000228613363911
0.000512573159228
0.000916518048795
0.00610005631714
0.00031762917033
0.000261807727072
0.000594627994153
0.000259908427388
0.000587912069191
0.0006478965685
0.000247042350962
0.000177058027377
0.00198233642743
0.000257124320183
0.000242039650172
0.00306201370826
0.000593880142543
0.00054035816652
0.000463531857642
0.000696085489631
0.000190748923166
0.000519968422453
0.000199693321284
0.0021532310356
0.000396795642245
0.000388154958496
0.00100140723155
0.000559468757684
0.000216064025024
0.000591035756264
0.000230958537744
0.000333770735746
0.000456386361999
0.0001965019105
0.0011077077584
0.000365406755943
0.000393803253356
0.000518298283464
0.000329980429094
0.000329980429094
0.000560838494607
0.000236503797897
0.00061591615939
0.00069064314034
0.0003563468996
0.000515765534227
0.000330983604921
0.000320643466237
0.000399645632637
0.000272849370623
0.000306864764016
0.000184317256258
0.000231186543107
0.000371134854035
0.000222121890117
0.000459671917379
0.000319429710885
0.000436650698153
0.000262360002087
0.000325410718767
0.000749693280733
0.000443288703119
0.000276586759448
0.00037178828838
0.000536078100835
0.000675119860377
0.000444143057224
0.00037200194604
0.000301128558644
0.00105327360088
0.000550843869714
0.000418891109286
0.000226749261664
0.000194951129531
0.000373233345766
0.000248239978147
0.00351041284369
0.000266202192884
0.000290386625841
0.000300023944881
0.000672892081678
0.000719193591693
0.00151634199789
0.000336174955456
0.000860649868223
0.000423953628244
0.00113147805754
0.000308387621614
0.000444894240638
0.000253569831757
0.000276136721098
0.00108603906451
0.000199581563528
0.000592446990162
0.000330926797286
0.000916593267281
0.000155483610267
0.000416165755407
0.00057100313418
0.00105587743583
0.0008371222275
0.000271208033185
0.00025257958423
0.000496545137675
0.000439670249622
0.000365857692036
0.00125833715518
0.000212307302972
0.000264072029605
0.000191416245987
0.000478727774834
0.000447947562302
0.000255029725785
0.000417058277879
0.0003285672389
0.000231450246392
0.000354024381762
0.000239481854957
0.00330694021766
0.000455066459582
0.000278067149786
0.000946492381963
0.00161428070786
0.000249696389515
0.000296124091564
0.000503928343679
0.000184289309012
0.00109141665817
0.000259131135053
0.000276155841947
0.000349904049063
0.000270212045299
0.000389485448058
0.00033397812289
0.000307362270681
0.000952736146702
0.00129774956863
0.000259612322765
0.000184977747869
0.000184977747869
0.036690422253
0.000276684946646
0.000195860993499
0.000339582688282
0.00042573038553
0.00167846903001
0.000231326182722
0.000415957464929
0.000689776639192
0.000385621562262
0.000537635817983
0.000379095924551
0.00065741589837
0.00260539156066
0.000313232612008
0.00174171088186
0.00111955300511
0.000683107213821
0.000840603417541
0.000823091850224
0.00134496023101
0.000451831429389
0.000213829292427
0.000985061610091
0.00030080314514
0.000966661959718
0.000246037919557
0.000212648269374
0.0024251807301
0.00043271783662
0.000241188275445
0.000170313614903
0.000228688449601
0.00151924399486
0.000556114850383
0.000347007179164
0.000707049433956
0.0010247436156
0.000327403899615
0.000246329876543
0.0004297586441
0.00073300937833
0.000336419633058
0.00123175405952
0.000482149238235
0.0119023312174
0.000496065064602
0.000245217669063
0.00029789307106
0.00493128526337
0.0046729146172
0.000531666156557
0.000257650705219
0.000249179634686
0.00188621945708
0.000260359964937
0.000226274138443
0.000221322552033
0.000190931711123
0.000318544544619
0.000797183502961
0.000361536266765
0.000469229171289
0.000292806524445
0.000318058824834
0.000631583087884
0.000379377984517
0.000244045568159
0.00030417384273
0.000653719974859
0.00032213226557
0.000502698973771
0.000291816141453
0.000358984573703
0.000299679831831
0.000245379628855
0.00032628967372
0.000346775944233
0.000245125164936
0.000529662389322
0.000625934895717
0.000232954496939
0.000232328844609
0.000487668372291
0.000282666616606
0.000273806576701
0.000580628587647
0.000515800322272
0.00101998835234
0.000390537813098
0.00155389586891
0.000380721447368
0.000437288365807
0.000211920834265
0.00132314150237
0.000332892940857
0.000331324374264
0.000207086570756
0.000316962605564
0.000236562390447
0.000236954389888
0.000391447973713
0.000483371776396
0.00024754386997
0.000950964159228
0.000419796980272
0.000508528741647
0.000975673140124
0.0109433237467
0.000246077404193
0.00367503958418
0.000216443396403
0.000590068899197
0.000638362503061
0.000722458860914
0.000214963642808
0.00498810614902
0.000945216127643
0.00039969772609
0.000290380779499
0.000227550743923
0.000892986851935
0.000381295185133
0.000223856745123
0.00200077880932
0.0083645164407
0.000253673985408
0.000463720985116
0.000779528386726
0.000782970361169
0.00025964280108
0.00028724775204
0.000227658906626
0.000237277117649
0.000399255733903
0.000206761652835
0.000250902912135
0.00082973882793
0.000906539855624
0.000249885162402
0.000227636729719
0.00024115181527
0.000313171485322
0.000411387053018
0.000558349104512
0.000334828052663
0.000248940250945
0.000393016081665
0.000873596876581
0.000691146995813
0.000318454319425
0.00026372895506
0.000249282886082
0.000457775301731
0.000243934984645
0.000245159459694
0.000238098093899
0.000435404388354
0.00164379872295
0.0014692450915
0.000688051382781
0.000202980860789
0.00169495478119
0.000292247299643
0.000340361202417
0.000247880969955
0.000271116150675
0.000437649694024
0.000201309835265
0.00713882715805
0.00100918573828
0.000430412584099
0.000283052480091
0.000437208875495
0.000691902890792
0.000262357461127
0.000824753363571
0.000259529937319
0.00066915376288
0.000251277783583
0.00072172263485
0.00197344029279
0.000248886369907
0.000254778792335
0.000232885892651
0.000344718027889
0.000495927471607
0.00126054567137
0.000432130094271
0.00202450897902
0.000226760076609
0.00081826542861
0.000373493343
0.000179695621545
0.000179695621545
0.000960390169822
0.000312087599973
0.000317621467367
0.000317621467367
0.000273446475221
0.000224248337912
0.00036206991367
0.00198671642096
0.00036906716261
0.000337391344068
0.000255373556302
0.000217394314252
0.000498451543625
0.0028792275537
0.00028427847302
0.00102885199117
0.000238277355646
0.000741333807314
0.000295965864495
0.00115505564952
0.000191110648695
0.000181281590756
0.00172203061833
0.000559827265987
0.000214465392897
0.00109794238145
0.000531525486301
0.000229233829584
0.00127200316602
0.000572179056892
0.00439624183163
0.00108630312047
0.000226156825073
0.000599407495948
0.000328042832562
0.00101418600067
0.000312280349481
0.000176198146321
0.000357496639532
0.000375909280457
0.000234902575122
0.000333442179581
0.000577607845215
0.000273194581792
0.000656338901359
0.000292202041573
0.00409610032129
0.000233375039789
0.00021452179063
0.000486461574362
0.000291864075989
0.00082866557314
0.000240774722821
0.000402932244679
0.00178456700621
0.000561216931607
0.000391883125151
0.000326660893782
0.0182955826318
0.000393707172966
0.000229443656873
0.000261032988915
0.000467382879773
0.00100408214297
0.00200134686241
0.00109918029845
0.000593308187116
0.000440064428183
0.000463038390232
0.000251190343996
0.000241387839177
0.000369126038194
0.000323729309143
0.000250485760404
0.0111402010989
0.000174308367372
0.000222725593621
0.00228648450232
0.000381766832485
0.000519754302207
0.0410734932508
0.000901014761797
0.00249798706615
0.00469656204558
0.000423855434356
0.000433189151421
0.000780310440077
0.000730170715478
0.000155380735084
0.000405979679365
0.000351500854989
0.000357077604847
0.000685781408996
0.000228502633601
0.000327751959422
0.000374166542892
0.000491820139051
0.000834554104911
0.00124069408039
0.000238578119912
0.000247682441758
0.00028564795339
0.000481210605409
0.000195603810499
0.000266858193422
0.000549488158609
0.000499822941504
0.000229356582253
0.000315670987636
0.000258324216178
0.000537566019422
0.00105460070333
0.000461415931655
0.000994153973718
0.00479221880038
0.00317201396681
0.000320855780383
0.000361762801513
0.000209435413061
0.000283389349377
0.000688349014666
0.000614300910556
0.000655422098278
0.000589125111998
0.000213285483313
0.000466289517964
0.00402733208001
0.000291184124573
0.00031485720575
0.00031696916102
0.000367565212465
0.000344737127122
0.000403847530246
0.000220211151253
0.000207034010196
0.000239720073689
0.000220834258098
0.000497603227158
0.000325026582158
0.000799198311102
0.000609861086663
0.000278091261524
0.000194951129531
0.000527014030548
0.0196357543503
0.00178845470341
0.000269235940893
0.000349759072533
0.000317621467367
0.000611365779319
0.000368508901793
0.000263257793311
0.000241377617334
0.00184312409703
0.0150441796599
0.00130648106752
0.000214345601936
0.000269430022274
0.000471569713702
0.000570551051906
0.000331927153993
0.000360957595217
0.000443403516392
0.000339430756742
0.000290166313209
0.000598034908834
0.000414756659531
0.000458646897268
0.000201451587681
0.000270729877549
0.000288128291484
0.000479648772286
0.00178180291167
0.000268745977467
0.00150584825062
0.000256970765494
0.000298566101795
0.00168300750711
0.000207194985956
0.000404284320611
0.000508751571456
0.000780711446139
0.000580891511679
0.000990282787591
0.000354644574119
0.000470850856877
0.000458842476602
0.00019833445775
0.00231910386802
0.000529628718818
0.00186956154729
0.000208186565603
0.00021828933053
0.000362424346888
0.00357807273769
0.00249237260325
0.000243371835705
0.000816977962505
0.0012073631766
0.000422112200154
0.00027936763191
0.000634788836853
0.000295877760644
0.000403578334322
0.000206254446004
0.00283908988358
0.000427614041254
0.00027862210208
0.00110102526821
0.000878139067987
0.00103682130804
0.000407313242351
0.00878733851515
0.000245287776444
0.000541185812666
0.000244181691324
0.000524032795813
0.000218198447523
0.000226652576988
0.000196054614781
0.000229161149311
0.000408512346668
0.00124829162745
0.000487880053094
0.000343943750861
0.000228965959775
0.000182440862185
0.000254858860804
0.0419804941156
0.000271010292617
0.000197769392834
0.000380005846575
0.00021915844837
0.000848544494133
0.000283094821149
0.000460860274062
0.000196914129661
0.000310728161406
0.0135803650922
0.00110802977441
0.00146432610576
0.000467404769184
0.000268963063467
0.000264544241677
0.000637071315929
0.000234893550774
0.00123124663697
0.00336242807065
0.000374888019493
0.00463289881924
0.000511060122462
0.000317534637514
0.000174467764693
0.000297764152388
0.000480836797997
0.000219602538401
0.000423886149792
0.000242332342698
0.00053930687783
0.000264470122465
0.00033824517943
0.000241869120995
0.000185573239341
0.000276663663691
0.00092907856846
0.00033840933995
0.0026417407146
0.000266269443335
0.000535600538336
0.000550318270452
0.000240287628599
0.000496192840919
0.000373962006601
0.000319759080258
0.000538199375416
0.00039552905414
0.00040269338157
0.000447072205788
0.000274795246101
0.000721736610017
0.000190624152851
0.00136950235257
0.000247886816322
0.000608741786548
0.000337876824869
0.000527096862255
0.000222632340421
0.000375722757233
0.000280972911997
0.000269089136593
0.000657956883172
0.000273491852959
0.000185096407185
0.000516396343614
0.000521373481473
0.00152793446716
0.000184339094099
0.000146969037659
0.00018611003125
0.000439447991824
0.000277498595268
0.000602230691384
0.000199790499423
0.000815578392047
0.000238294490085
0.000760722752918
0.000586794007511
0.000654236124389
0.000400187170532
0.000184317256258
0.000412763842156
0.000895397766591
0.00287315704981
0.00105697865005
0.000974750728121
0.000201309835265
0.000191298016344
0.000254960337195
0.000229969907848
0.00218308966675
0.00657565819061
0.000257913443868
0.000235864957158
0.000307978806316
0.000326412815911
0.00034666930672
0.0017768653946
0.000263701449949
0.000275174031073
0.000154043746129
0.000478228526943
0.000206621864505
0.000360780437853
0.000831462522785
0.00049032767932
0.00581438347114
0.000239050200403
0.000243392903901
0.000818012769437
0.000722700357703
0.000188278331162
0.000463841732925
0.000581463939169
0.000588834849297
0.000428857887877
0.00339090756528
0.000384688840997
0.000249719685609
0.000296621614473
0.000327735535718
0.000243417844555
0.000532598950552
0.00136229017357
0.000334836686822
0.00302852554609
0.000717986744438
0.000428666492199
0.000250659552823
0.00321256700245
0.000271740354252
0.000475518365276
0.00123570603072
0.00882359231022
0.00127789920697
0.000579103126687
0.000552022955511
0.000221258059581
0.000215853560369
0.000482325877719
0.000271154859969
0.00036664339005
0.000518024657168
0.000183345276726
0.000230700142893
0.000432602081883
0.000543898039685
0.00131797563835
0.000355793300216
0.000213363751658
0.00075947041837
0.000293089631069
0.00018814214522
0.00140764947003
0.000832225631811
0.00286466617018
0.000217405576032
0.000365622022666
0.000346704336659
0.00033317391295
0.000371032024333
0.000395858652375
0.000265350094814
0.000422600615553
0.00370106781138
0.00280238212036
0.000343207123234
0.000757934736027
0.010606494335
0.000208472186671
0.000427866269142
0.000607462200867
0.000591722483048
0.000601114785672
0.00025820829211
0.00295557015013
0.000684435869019
0.000233144777196
0.00138054301471
0.000352020903134
0.00032286950432
0.000255985943466
0.000220835003301
0.000696426287668
0.00024615278412
0.00191434127686
0.000197653633848
0.000355556666729
0.000329559259036
0.000339409474128
0.000707783661353
0.000785302878831
0.000474936470114
0.00140917017258
0.000557248661209
0.000673919116875
0.000611573888998
0.00093953484702
0.000453867287159
0.000858037590099
0.000243499996624
0.000238987603875
0.000711156866177
0.000261017975773
0.000826338950651
0.000436270849838
0.000156328808411
0.000156328808411
0.000285160576647
0.00312924777717
0.000530524776221
0.000449226624616
0.000687373159472
0.00252474323847
0.00129293710183
0.000237411054261
0.000236182047495
0.000214016007724
0.00117469428198
0.00018053074424
0.0296263329999
0.000247459602803
0.000312065853633
0.000236595596772
0.000250421781085
0.00279168749078
0.000253465639273
0.000757461466489
0.000253276933167
0.00022272295019
0.00188019473886
0.000257454688075
0.000404026527996
0.00035070916962
0.00112662200333
0.00088713619336
0.00022400114785
0.000634969878241
0.000377291871659
0.000758839616534
0.00024279350534
0.000296418857488
0.00100559841484
0.00455859527289
0.000280313350422
0.000216450175701
0.000309919719316
0.000282766521231
0.000191919229217
0.000381306313056
0.000959682283256
0.000185766643058
0.00129355846563
0.000307544532748
0.00194155206836
0.000174627150984
0.000692510945883
0.000260095185406
0.000410458084559
0.000462458241217
0.000428481418495
0.000600263353188
0.00113665712105
0.000321423213749
0.000835862850052
0.000410285754847
0.000770170320514
0.000455319454409
0.000233693050083
0.000247828121676
0.000237553091295
0.000985045705337
0.00029661522108
0.000346832472716
0.000390763125913
0.000262536256355
0.000224248337912
0.000264195181185
0.000553092521248
0.00173101133075
0.000811458523947
0.000258561626996
0.00035361318981
0.000621840079018
0.000346293713008
0.000311223141899
0.0004676404979
0.00061560260396
0.00156069856085
0.000463255032554
0.000216630347297
0.00037876330952
0.000840196116257
0.000763998997521
0.000430165891579
0.000506628177757
0.000356995094762
0.000429159023939
0.0036963330556
0.000235463745564
0.0004440533286
0.00024076898415
0.000494538526042
0.000332884178564
0.000225341018683
0.00172519912605
0.00493024513051
0.000273272424339
0.000192340275474
0.000299765665267
0.000316326630934
0.00061907288789
0.000432186514532
0.00025300941703
0.000220231023006
0.000592725647627
0.000518312221407
0.00190747737195
0.000901895781733
0.00246084362698
0.000535518719015
0.000216430022886
0.000298186051249
0.000292711859864
0.000559319241037
0.00101748172959
0.000235327376672
0.000291806428082
0.000214588558189
0.000399035503062
0.000368055810527
0.000807579880135
0.000318976510812
0.000576774483857
0.000283043948223
0.000177570412578
0.000261292960076
0.000459729272434
0.000366431256748
0.000212056383875
0.000219498558786
0.00022590265876
0.00108399138608
0.000525478412336
0.000319455876699
0.000617342809117
0.000196105453056
0.000253230825832
0.000730454852391
0.000284570153359
0.000324897132756
0.000410975175237
0.000159015971166
0.00100552635117
0.000970397277952
0.00061994762142
0.000361936689526
0.000197661678679
0.000707233809086
0.000316848402791
0.00037016176362
0.000426182960907
0.000748531667335
0.000461974320693
0.00055459437418
0.000278892167168
0.000602144632522
0.000455247586081
0.000641056538197
0.00257311031648
0.000457217580285
0.000563518284566
0.000589199938276
0.000538496737318
0.000394408322674
0.000305701115271
0.000801952072587
0.000265637825883
0.000398419881081
0.000300795176828
0.000931430552055
0.000644048376031
0.0210260646783
0.00233065695618
0.000196908050745
0.000264360873015
0.000385329112428
0.000216771835442
0.000490298736608
0.000252910334271
0.000561828663743
0.000250725807586
0.000358781702691
0.00025966675334
0.000204708320618
0.000622939487312
0.000293053330189
0.00039129624596
0.000237938780209
0.000182697540207
0.000292486787648
0.000248407125015
0.000623005866921
0.000298408528126
0.000272891883325
0.00223563160162
0.000512371113364
0.000852907069958
0.000724388132465
0.00116729936799
0.000265722431676
0.000619339174355
0.000376385853512
0.000235734141629
0.000957558172934
0.000169546500012
0.000338249637257
0.000180389363217
0.000636421610439
0.00170535008323
0.000847131591112
0.000296087203552
0.0011669547502
0.000329980429094
0.000382333497389
0.00415230847551
0.000359100077934
0.000215939122847
0.000697137356434
0.000226401459877
0.000436701533261
0.000997772919656
0.000267718697552
0.000255050542175
0.000617437026759
0.000275623107422
0.00554519398054
0.000583406633618
0.00125234232135
0.000579503059781
0.000263062934583
0.000530153770943
0.000189695847767
0.000329254126595
0.000244765366519
0.000435261668959
0.000299048755082
0.00127972738384
0.00041937917563
0.00541062738207
0.000309597498219
0.00042835516541
0.00076866270198
0.000363218010969
0.000305365077007
0.000355958045234
0.000855188325221
0.000508766772823
0.000360284020636
0.000331324374264
0.00132558417752
0.000232548121648
0.000538512467557
0.000938578615608
0.000301183399314
0.000254150295399
0.000414730779733
0.000827121566712
0.000669325692158
0.00368432981821
0.000425820221032
0.000213681592042
0.000685648543296
0.000258135962891
0.000568751069881
0.000516793174818
0.000202877025483
0.000378146225293
0.000771637361628
0.000392262256411
0.000311836138161
0.000202911103368
0.000194026040308
0.000366401426711
0.00139160500136
0.000447422842909
0.000232019585738
0.000261856637286
0.000203683800962
0.000156521763597
0.00121165939367
0.00911852090984
0.000355811163666
0.000321159308918
0.000236826902031
0.000468811194299
0.000293206374703
0.000267829304415
0.00143851272482
0.000297166402541
0.000312183918197
0.000223429682489
0.000595696056265
0.00034390645844
0.00306264627785
0.000430113789475
0.000378513606224
0.00127533254327
0.000833493513016
0.000188115463849
0.000342620236887
0.000367743289683
0.000651817098884
0.00023628941912
0.000398088838938
0.00157732324067
0.000453288646007
0.000255992756149
0.000254854338511
0.000283528020013
0.00109809934821
0.000824396477213
0.000298605307007
0.000232509059409
0.000449224821378
0.0014819803341
0.000322918987995
0.000360116521604
0.000412899363843
0.00062568307112
0.000536968234419
0.000418695530526
0.000338182556644
0.000947398517933
0.00046249647715
0.000207630252948
0.000602391023138
0.000207307457322
0.000432371012178
0.000526218784079
0.00030181426758
0.000154043746129
0.000325567227821
0.000232379372567
0.000395584522284
0.00377822892858
0.000171230049288
0.000303192499556
0.0016621984791
0.000296725506627
0.00132685503714
0.000519413612543
0.000224499652425
0.00154256255507
0.00110202723412
0.00020998304639
0.000288684828618
0.00311894038441
0.000288856357707
0.000609221045484
0.000370236113181
0.000263321134711
0.000352109100266
0.00175742419998
0.000255919006643
0.00046211688192
0.000482539951729
0.00175730819369
0.000499206036531
0.000374995857029
0.000400271966876
0.000654789623137
0.00747290318958
0.000221787152776
0.000802745081472
0.000425425424959
0.000226850439058
0.00021657257986
0.000185907171019
0.000630052712618
0.000228204864732
0.000364694759651
0.000250435146454
0.0010041315636
0.00127279978525
0.000526934220035
0.000445502053539
0.000271409072729
0.000336199831055
0.000461563547126
0.000175164180274
0.000257703984842
0.000228945131544
0.000840300762765
0.000798478403997
0.000903806535216
0.000672445918607
0.000242249053368
0.000247444664817
0.00118390195386
0.000296744312465
0.000280014191939
0.000173203369586
0.00322141983492
0.000344846356003
0.00088313157432
0.000157025613925
0.000331652497329
0.00022485491507
0.000231590018907
0.000389602682843
0.000232820387725
0.000714313346101
0.000512637389886
0.000215082263858
0.000347530025723
0.0012487288775
0.00131890614453
0.000710059806774
0.000253877764272
0.00207092330175
0.000540541791372
0.000703867908816
0.00785365964635
0.000312976264019
0.000439068511265
0.000232971777892
0.000302368126502
0.000199903399319
0.000471056119088
0.000273595777521
0.000216343899438
0.000440184828929
0.000287312364558
0.000628804661204
0.000246302005577
0.000569066451244
0.000363330759322
0.000238565828599
0.000211480249216
0.0013216358122
0.000625222929946
0.000272586522293
0.000227160384498
0.000195668914786
0.000554061070276
0.00261523934454
0.000216704573518
0.000203917142924
0.000202642966025
0.000409951954119
0.000253222978224
0.000284815356027
0.00222634363034
0.000243788546133
0.000290393111152
0.000618192500428
0.000250387714744
0.000339892113442
0.000228167639301
0.00100036910594
0.000198230101076
0.00230177766933
0.000360843163573
0.00022007343949
0.000226274138443
0.000365516775455
0.000211092988749
0.000228920103838
0.000550507979869
0.00442616179575
0.000607133874055
0.000216914522607
0.000217394314252
0.000357641047119
0.000234902575122
0.000217847253659
0.000255715294031
0.000653614943953
0.000343075171334
0.005927919932
0.000388917948437
0.000932606567465
0.000276116995831
0.000262669458006
0.000241555070741
0.000457332459286
0.000247706300884
0.000343201511488
0.00088195489254
0.000256331226611
0.000734972862434
0.000447472479125
0.00628689488701
0.00164570227526
0.000631174473678
0.000316670190924
0.000211928776491
0.000296830496023
0.00032991775323
0.000193246411251
0.000509616587271
0.000491430925378
0.000297554785557
0.000637351324156
0.00061058155429
0.000801218128025
0.000362330237253
0.000353311844354
0.000237450152882
0.00103331833364
0.000811142815002
0.012454212988
0.00179786604427
0.000207343665106
0.0005690487967
0.000628002036835
0.000313826654941
0.000203932188766
0.000248080128075
0.000242213601342
0.000352987268727
0.000174627150984
0.000674245119188
0.000676987166919
0.000283919676162
0.000256306094634
0.000234902575122
0.000426675739801
0.000876909899841
0.00124655304483
0.00314234545471
0.000204195174497
0.000351010878529
0.000315696808826
0.000362494040496
0.000960639130328
0.00136267309122
0.000215221134151
0.000307868555451
0.000197258530805
0.000197258530805
0.000401778326284
0.000323251199346
0.00151756007278
0.000465795125808
0.000162518058719
0.000874213383595
0.000207651697168
0.000249701672369
0.000319683916664
0.000571667212105
0.000312183918197
0.000509957056009
0.00314397630885
0.000195146906568
0.000311488099345
0.000213814625193
0.000680227634361
0.000292818773805
0.000406370764458
0.00159926605516
0.000200844957156
0.000985601591891
0.000331552418939
0.00147460848984
0.000392346683244
0.000425444426678
0.000256919694243
0.000234446008248
0.00055138818432
0.000320087078209
0.000475736602625
0.00262233749032
0.00076487250021
0.000177007343175
0.000209805617827
0.000550924971067
0.00147955906692
0.000228557588589
0.000244365493903
0.00111951837292
0.000337904885934
0.000333572497877
0.00047556109693
0.000580600299435
0.00023429779325
0.000181495760399
0.000354163014492
0.000359482046413
0.000246523674967
0.000290070802795
0.0003071813096
0.000281404880528
0.000477517923297
0.00230810574372
0.000221089487454
0.00140627422628
0.000307851244713
0.00103619267259
0.000190881983554
0.000917963340023
0.0015107701741
0.000247339564803
0.0012054813987
0.000237370045621
0.000640626802255
0.0100460653427
0.000705548564509
0.000574172435375
0.000376595560402
0.000216904439201
0.000530573925093
0.000204753976915
0.000514122295268
0.000265092188753
0.000460940617941
0.000713062314504
0.000222059360441
0.000776848421999
0.000996649539268
0.00044105449199
0.000353124385042
0.000699104194615
0.000415397419337
0.00047417365816
0.000337736565811
0.000191495244823
0.000488530461027
0.0039437871743
0.000209341503753
0.000195386756696
0.000315002058319
0.000221986133917
0.000250564907403
0.000281199681159
0.00113312280131
0.000458964821611
0.000698574122869
0.000444018421294
0.000312644803362
0.000242665823214
