0.000906579174581
0.0177862199965
0.00107926092212
0.000992920048351
0.00189949922293
0.0039716801934
0.00120877223277
0.00159730616474
0.00116560179589
0.00492142980487
0.00233120359178
0.00932481436712
0.00440338456225
0.00638922465895
0.000820238300812
0.00168364703851
0.00129511310654
0.00172681747539
0.00440338456225
0.000949749611466
0.00159730616474
0.00116560179589
0.000820238300812
0.000949749611466
0.000777067863927
0.00103609048524
0.00112243135901
0.00215852184424
0.0142030737351
0.00125194266966
0.000863408737696
0.00224486271801
0.00241754446555
0.000777067863927
0.00168364703851
0.000906579174581
0.00297876014505
0.000604386116387
0.00133828354343
0.0042738732516
0.00237437402867
0.000647556553272
0.00440338456225
0.00159730616474
0.00202901053359
0.00543947504749
0.000690726990157
0.000647556553272
0.00436021412537
0.0014246244172
0.000820238300812
0.000777067863927
0.0056984976688
0.00548264548437
0.00431704368848
0.00263339664997
0.000690726990157
0.00720946295977
0.00634605422207
0.00246071490243
0.00112243135901
0.0025470557762
0.00233120359178
0.000949749611466
0.000863408737696
0.000733897427042
0.00306510101882
0.00194266965982
0.00207218097047
0.000992920048351
0.000906579174581
0.00125194266966
0.000906579174581
0.00159730616474
0.000992920048351
0.000820238300812
0.000647556553272
0.00129511310654
0.000863408737696
0.0014246244172
0.000647556553272
0.000820238300812
0.000820238300812
0.00112243135901
0.000647556553272
0.000992920048351
0.00151096529097
0.00116560179589
0.0014246244172
0.00103609048524
0.000733897427042
0.00103609048524
0.00120877223277
0.000949749611466
0.00168364703851
0.00107926092212
0.000820238300812
0.00526679329995
0.00155413572785
0.0039716801934
0.000690726990157
0.000647556553272
0.000647556553272
0.000647556553272
0.000863408737696
0.000733897427042
0.0613020203764
0.0028492488344
0.00172681747539
0.00146779485408
0.000906579174581
0.000906579174581
0.000690726990157
0.00151096529097
0.000820238300812
0.0216715593162
0.000906579174581
0.00120877223277
0.000820238300812
0.00107926092212
0.00164047660162
0.000690726990157
0.00151096529097
0.0014246244172
0.00315144189259
0.00103609048524
0.00172681747539
0.000820238300812
0.00211535140736
0.000992920048351
0.00189949922293
0.00440338456225
0.000647556553272
0.000733897427042
0.000992920048351
0.000733897427042
0.00241754446555
0.000992920048351
0.00103609048524
0.000777067863927
0.000733897427042
0.00271973752374
0.000733897427042
0.000690726990157
0.000690726990157
0.000690726990157
0.00116560179589
0.00112243135901
0.000992920048351
0.00172681747539
0.00151096529097
0.000820238300812
0.00164047660162
0.00194266965982
0.0115265066482
0.000992920048351
0.00120877223277
0.00116560179589
0.000604386116387
0.000604386116387
0.00107926092212
0.00289241927128
0.00578483854257
0.000647556553272
0.0217579001899
0.00107926092212
0.000906579174581
0.000604386116387
0.000690726990157
0.000604386116387
0.00151096529097
0.00366948713521
0.00151096529097
0.00371265757209
0.00211535140736
0.000690726990157
0.00116560179589
0.00107926092212
0.000690726990157
0.00328095320325
0.000863408737696
0.000863408737696
0.00103609048524
0.00802970126058
0.00146779485408
0.000604386116387
0.000820238300812
0.000690726990157
0.00138145398031
0.00246071490243
0.000949749611466
0.000992920048351
0.00146779485408
0.0022880331549
0.00112243135901
0.00112243135901
0.000992920048351
0.000777067863927
0.000777067863927
0.0388533931963
0.00241754446555
0.000820238300812
0.000690726990157
0.00293558970817
0.000777067863927
0.000690726990157
0.00129511310654
0.00548264548437
0.000777067863927
0.000733897427042
0.00233120359178
0.00103609048524
0.000906579174581
0.000906579174581
0.000733897427042
0.000820238300812
0.00138145398031
0.00349680538767
0.00470557762045
0.00133828354343
0.00112243135901
0.00215852184424
0.00673458815403
0.00207218097047
0.000949749611466
0.00306510101882
0.0042738732516
0.00120877223277
0.00112243135901
0.000733897427042
0.000690726990157
0.00168364703851
0.000604386116387
0.0538335347954
0.000733897427042
0.000604386116387
0.00116560179589
0.000777067863927
0.000733897427042
0.00112243135901
0.00151096529097
0.0259886030047
0.00185632878605
0.00138145398031
0.00107926092212
0.000733897427042
0.00116560179589
0.00259022621309
0.00176998791228
0.000863408737696
0.00155413572785
0.00271973752374
0.00259022621309
0.152348471767
0.000820238300812
0.00133828354343
0.00302193058194
0.00189949922293
0.00181315834916
0.00112243135901
0.000647556553272
0.000690726990157
0.000863408737696
0.00194266965982
0.00103609048524
0.000604386116387
0.000690726990157
0.00112243135901
0.000863408737696
0.00125194266966
0.000733897427042
0.00362631669832
0.00103609048524
0.000647556553272
0.00293558970817
0.000863408737696
0.0034104645139
0.00319461232948
0.000777067863927
0.0194266965982
0.00146779485408
0.00241754446555
0.00250388533932
0.00112243135901
0.000690726990157
0.000733897427042
0.000863408737696
0.000820238300812
0.000733897427042
0.00146779485408
0.000733897427042
0.00138145398031
0.000992920048351
0.00116560179589
0.000690726990157
0.00530996373683
0.000992920048351
0.00103609048524
0.00405802106717
0.00103609048524
0.00643239509584
0.000820238300812
0.0025470557762
0.00189949922293
0.00807287169746
0.00107926092212
0.00164047660162
0.00660507684338
0.000690726990157
0.000949749611466
0.00237437402867
0.000820238300812
0.00107926092212
0.00176998791228
0.00211535140736
0.000949749611466
0.0019858400967
0.00181315834916
0.000690726990157
0.000647556553272
0.00276290796063
0.00263339664997
0.0946727680884
0.000906579174581
0.000777067863927
0.000820238300812
0.00116560179589
0.00103609048524
0.00133828354343
0.00405802106717
0.000949749611466
0.00820238300812
0.000906579174581
0.000949749611466
0.000733897427042
0.00293558970817
0.00604386116387
0.00315144189259
0.00103609048524
0.00358314626144
0.000777067863927
0.000949749611466
0.0022880331549
0.000906579174581
0.000863408737696
0.00505094111552
0.000777067863927
0.000690726990157
0.000777067863927
0.00176998791228
0.00155413572785
0.00138145398031
0.000733897427042
0.00556898635814
0.000733897427042
0.00202901053359
0.00107926092212
0.00276290796063
0.000647556553272
0.00103609048524
0.000690726990157
0.0520203764462
0.00686409946469
0.000733897427042
0.0028492488344
0.000863408737696
0.00366948713521
0.00474874805733
0.00436021412537
0.000647556553272
0.000949749611466
0.00302193058194
0.000690726990157
0.00233120359178
0.00310827145571
0.00116560179589
0.00535313417372
0.00440338456225
0.00306510101882
0.000777067863927
0.00107926092212
0.000992920048351
0.000647556553272
0.000733897427042
0.0721809704714
0.000949749611466
0.000777067863927
0.00112243135901
0.00358314626144
0.00267656708686
0.000863408737696
0.00159730616474
0.00215852184424
0.000733897427042
0.00306510101882
0.000690726990157
0.00116560179589
0.000777067863927
0.00401485063029
0.000906579174581
0.000992920048351
0.000777067863927
0.00116560179589
0.00841823519254
0.000604386116387
0.000604386116387
0.000777067863927
0.000647556553272
0.00423070281471
0.00271973752374
0.000647556553272
0.000906579174581
0.000604386116387
0.00107926092212
0.00151096529097
0.000604386116387
0.000647556553272
0.00211535140736
0.000647556553272
0.00587117941634
0.000906579174581
0.000992920048351
0.000733897427042
0.00401485063029
0.000690726990157
0.00323778276636
0.00155413572785
0.00176998791228
0.000777067863927
0.0293990675186
0.00220169228113
0.00120877223277
0.000906579174581
0.00556898635814
0.000647556553272
0.000820238300812
0.0106630979106
0.00129511310654
0.00107926092212
0.00107926092212
0.00565532723191
0.000733897427042
0.000992920048351
0.000863408737696
0.00125194266966
0.000863408737696
0.00466240718356
0.000647556553272
0.00181315834916
0.00155413572785
0.00297876014505
0.00194266965982
0.000820238300812
0.000647556553272
0.0025470557762
0.000820238300812
0.00151096529097
0.0571144879986
0.000690726990157
0.00220169228113
0.0019858400967
0.00159730616474
0.00259022621309
0.00211535140736
0.000820238300812
0.00181315834916
0.000863408737696
0.000906579174581
0.000647556553272
0.00328095320325
0.000992920048351
0.00168364703851
0.000733897427042
0.00954066655155
0.000863408737696
0.00215852184424
0.000690726990157
0.0019858400967
0.00138145398031
0.000604386116387
0.00997237092039
0.000863408737696
0.000647556553272
0.00410119150406
0.000906579174581
0.000733897427042
0.00112243135901
0.00401485063029
0.000820238300812
0.00690726990157
0.00280607839751
0.00168364703851
0.000820238300812
0.000733897427042
0.00453289587291
0.00319461232948
0.0028492488344
0.00815921257123
0.000863408737696
0.000647556553272
0.00133828354343
0.0113969953376
0.00315144189259
0.0107494387843
0.000690726990157
0.000647556553272
0.00267656708686
0.00202901053359
0.000777067863927
0.00107926092212
0.00846140562942
0.00146779485408
0.000647556553272
0.000820238300812
0.00129511310654
0.000949749611466
0.00107926092212
0.00168364703851
0.00259022621309
0.00107926092212
0.000777067863927
0.000992920048351
0.00574166810568
0.000690726990157
0.0014246244172
0.000733897427042
0.000820238300812
0.00116560179589
0.0133396649974
0.000733897427042
0.00328095320325
0.00164047660162
0.000647556553272
0.000992920048351
0.000992920048351
0.00176998791228
0.00159730616474
0.00315144189259
0.00164047660162
0.0019858400967
0.000690726990157
0.000820238300812
0.000820238300812
0.00233120359178
0.00168364703851
0.00621654291141
0.00401485063029
0.000820238300812
0.000777067863927
0.000777067863927
0.00164047660162
0.000777067863927
0.00103609048524
0.000992920048351
0.00513728198929
0.00297876014505
0.00820238300812
0.0025470557762
0.00116560179589
0.00233120359178
0.00116560179589
0.00129511310654
0.000647556553272
0.00116560179589
0.00120877223277
0.00189949922293
0.000604386116387
0.000604386116387
0.00276290796063
0.000820238300812
0.000647556553272
0.000992920048351
0.000992920048351
0.00202901053359
0.00185632878605
0.000690726990157
0.000863408737696
0.000690726990157
0.00120877223277
0.000647556553272
0.000733897427042
0.00125194266966
0.000863408737696
0.000777067863927
0.0019858400967
0.00237437402867
0.00164047660162
0.000777067863927
0.0316871006735
0.000647556553272
0.000690726990157
0.0025470557762
0.000690726990157
0.000690726990157
0.00297876014505
0.000906579174581
0.000647556553272
0.00125194266966
0.000604386116387
0.000604386116387
0.0372992574685
0.00125194266966
0.000863408737696
0.00112243135901
0.000777067863927
0.00125194266966
0.00116560179589
0.00492142980487
0.000820238300812
0.00107926092212
0.000690726990157
0.00565532723191
0.000647556553272
0.000992920048351
0.000733897427042
0.00189949922293
0.000777067863927
0.000733897427042
0.00103609048524
0.00530996373683
0.00250388533932
0.000733897427042
0.000820238300812
0.000777067863927
0.000949749611466
0.00202901053359
0.0290105335866
0.00181315834916
0.000733897427042
0.0022880331549
0.00116560179589
0.00151096529097
0.000992920048351
0.000647556553272
0.00103609048524
0.000949749611466
0.00362631669832
0.00267656708686
0.00189949922293
0.000604386116387
0.00474874805733
0.00202901053359
0.0019858400967
0.00194266965982
0.000863408737696
0.00185632878605
0.000690726990157
0.00276290796063
0.00112243135901
0.0022880331549
0.000733897427042
0.00224486271801
0.00116560179589
0.000949749611466
0.00530996373683
0.00461923674668
0.000733897427042
0.000820238300812
0.000733897427042
0.00133828354343
0.000820238300812
0.00353997582456
0.00289241927128
0.00280607839751
0.000777067863927
0.00116560179589
0.00146779485408
0.000777067863927
0.000647556553272
0.00120877223277
0.00107926092212
0.000647556553272
0.00949749611466
0.00306510101882
0.00500777067864
0.00267656708686
0.000863408737696
0.00431704368848
0.00263339664997
0.00405802106717
0.000690726990157
0.00207218097047
0.00448972543602
0.000647556553272
0.000906579174581
0.662018649629
0.0028492488344
0.00107926092212
0.00328095320325
0.000777067863927
0.000690726990157
0.00215852184424
0.000906579174581
0.000777067863927
0.000777067863927
0.00207218097047
0.00302193058194
0.00388533931963
0.000604386116387
0.000777067863927
0.000647556553272
0.0014246244172
0.00155413572785
0.0145484372302
0.00129511310654
0.000906579174581
0.00617337247453
0.000733897427042
0.00392850975652
0.000647556553272
0.000604386116387
0.0195130374719
0.00371265757209
0.00103609048524
0.00246071490243
0.000906579174581
0.0331548955275
0.00120877223277
0.00125194266966
0.00388533931963
0.0221896045588
0.00820238300812
0.000647556553272
0.0277154204801
0.00297876014505
0.00323778276636
0.00600069072699
0.0640649283371
0.29019167674
0.000733897427042
0.00328095320325
0.00207218097047
0.000647556553272
0.00336729407702
0.000604386116387
0.000777067863927
0.00362631669832
0.00246071490243
0.000604386116387
0.00220169228113
0.000777067863927
0.00151096529097
0.000604386116387
0.000604386116387
0.00323778276636
0.00237437402867
0.000863408737696
0.000949749611466
0.00487825936798
0.000690726990157
0.000820238300812
0.0039716801934
0.00259022621309
0.0196425487826
0.000992920048351
0.000690726990157
0.00237437402867
0.000863408737696
0.00107926092212
0.00112243135901
0.000647556553272
0.00574166810568
0.000647556553272
0.00466240718356
0.000777067863927
0.000647556553272
0.0014246244172
0.00107926092212
0.000647556553272
0.00151096529097
0.000647556553272
0.000777067863927
0.000949749611466
0.000949749611466
0.000733897427042
0.0206354688309
0.00172681747539
0.00116560179589
0.00103609048524
0.00138145398031
0.00168364703851
0.000863408737696
0.000777067863927
0.000906579174581
0.000820238300812
0.00159730616474
0.00125194266966
0.00103609048524
0.00107926092212
0.00155413572785
0.0120877223277
0.000647556553272
0.000733897427042
0.00103609048524
0.000690726990157
0.00120877223277
0.00453289587291
0.00362631669832
0.000647556553272
0.00168364703851
0.000820238300812
0.000863408737696
0.000777067863927
0.00159730616474
0.000949749611466
0.000647556553272
0.000863408737696
0.000820238300812
0.0073821447073
0.000647556553272
0.00388533931963
0.00505094111552
0.00103609048524
0.00168364703851
0.000777067863927
0.000604386116387
0.00116560179589
0.00703678121223
0.00107926092212
0.00349680538767
0.00120877223277
0.00112243135901
0.636202728372
0.00146779485408
0.000949749611466
0.000777067863927
0.000647556553272
0.000690726990157
0.000992920048351
0.000690726990157
0.000647556553272
0.00164047660162
0.000820238300812
0.00310827145571
0.00112243135901
0.000863408737696
0.00703678121223
0.000820238300812
0.00138145398031
0.00168364703851
0.000733897427042
0.00263339664997
0.00155413572785
0.00103609048524
0.000733897427042
0.00138145398031
0.00112243135901
0.000992920048351
0.000863408737696
0.000690726990157
0.00302193058194
0.000992920048351
0.00168364703851
0.000604386116387
0.000690726990157
0.000949749611466
0.0028492488344
0.00207218097047
0.000733897427042
0.00112243135901
0.00129511310654
0.00116560179589
0.000733897427042
0.000863408737696
0.00202901053359
0.00176998791228
0.000604386116387
0.0157140390261
0.000690726990157
0.00138145398031
0.00215852184424
0.00280607839751
0.000690726990157
0.00297876014505
0.00129511310654
0.000992920048351
0.0106199274737
0.00345363495079
0.000647556553272
0.000777067863927
0.0159298912105
0.000604386116387
0.00189949922293
0.00250388533932
0.000863408737696
0.000992920048351
0.000992920048351
0.000690726990157
0.000949749611466
0.000777067863927
0.00116560179589
0.00103609048524
0.000647556553272
0.000949749611466
0.000690726990157
0.000820238300812
0.00509411155241
0.00103609048524
0.000949749611466
0.00129511310654
0.00125194266966
0.000777067863927
0.0145484372302
0.00323778276636
0.000863408737696
0.00103609048524
0.000733897427042
0.000647556553272
0.00466240718356
0.000949749611466
0.00164047660162
0.000906579174581
0.0014246244172
0.0163615955793
0.000992920048351
0.0019858400967
0.00129511310654
0.00289241927128
0.00574166810568
0.00107926092212
0.000820238300812
0.00250388533932
0.000906579174581
0.000690726990157
0.000733897427042
0.107882921775
0.000733897427042
0.00151096529097
0.00116560179589
0.00440338456225
0.00902262130893
0.00405802106717
0.000777067863927
0.000820238300812
0.00323778276636
0.00125194266966
0.000777067863927
0.00107926092212
0.00716629252288
0.00336729407702
0.00267656708686
0.0100155413573
0.00146779485408
0.000604386116387
0.000690726990157
0.000820238300812
0.00159730616474
0.00120877223277
0.000820238300812
0.00164047660162
0.000863408737696
0.000647556553272
0.00107926092212
0.000647556553272
0.00185632878605
0.000992920048351
0.00172681747539
0.000690726990157
0.0025470557762
0.160291832153
0.000992920048351
0.000949749611466
0.00164047660162
0.000863408737696
0.00345363495079
0.0126489380073
0.0121308927646
0.00280607839751
0.000820238300812
0.000690726990157
0.00716629252288
0.00328095320325
0.000690726990157
0.000992920048351
0.000690726990157
0.00267656708686
0.00116560179589
0.000992920048351
0.000777067863927
0.00151096529097
0.0170954930064
0.000820238300812
0.000777067863927
0.00371265757209
0.000690726990157
0.000906579174581
0.000647556553272
0.0340183042652
0.000863408737696
0.000690726990157
0.00293558970817
0.00259022621309
0.00220169228113
0.00112243135901
0.000949749611466
0.00129511310654
0.000777067863927
0.278492488344
0.00224486271801
0.00224486271801
0.000647556553272
0.000733897427042
0.00423070281471
0.000992920048351
0.0103177344155
0.0088067691245
0.000992920048351
0.00155413572785
0.000647556553272
0.00103609048524
0.0244776377137
0.00116560179589
0.0291400448973
0.000906579174581
0.00561215679503
0.00103609048524
0.000733897427042
0.00302193058194
0.000906579174581
0.000906579174581
0.00172681747539
0.00224486271801
0.00151096529097
0.0025470557762
0.000733897427042
0.00164047660162
0.00224486271801
0.000690726990157
0.000690726990157
0.000777067863927
0.000690726990157
0.000647556553272
0.00138145398031
0.000863408737696
0.00392850975652
0.00233120359178
0.00112243135901
0.000906579174581
0.00116560179589
0.000949749611466
0.000992920048351
0.00349680538767
0.000733897427042
0.000733897427042
0.000733897427042
0.00211535140736
0.00164047660162
0.00207218097047
0.00120877223277
0.000647556553272
0.00276290796063
0.00151096529097
0.00103609048524
0.000647556553272
0.000906579174581
0.00176998791228
0.00159730616474
0.0661371093075
0.00133828354343
0.000863408737696
0.00211535140736
0.0125194266966
0.00120877223277
0.000820238300812
0.000604386116387
0.00112243135901
0.000949749611466
0.0113106544638
0.000690726990157
0.000733897427042
0.00103609048524
0.00146779485408
0.00371265757209
0.000777067863927
0.00103609048524
0.000690726990157
0.00561215679503
0.00107926092212
0.00289241927128
0.000690726990157
0.0014246244172
0.0338887929546
0.0025470557762
0.00112243135901
0.000647556553272
0.00211535140736
0.00189949922293
0.000777067863927
0.00103609048524
0.0053963046106
0.00289241927128
0.000820238300812
0.00211535140736
0.00146779485408
0.00220169228113
0.00436021412537
0.00133828354343
0.000777067863927
0.000949749611466
0.000733897427042
0.00120877223277
0.000777067863927
0.00120877223277
0.000647556553272
0.000949749611466
0.000906579174581
0.000647556553272
0.000647556553272
0.00366948713521
0.0019858400967
0.00189949922293
0.00189949922293
0.000733897427042
0.00176998791228
0.000777067863927
0.00215852184424
0.000733897427042
0.00116560179589
0.00220169228113
0.00151096529097
0.0116560179589
0.00276290796063
0.0025470557762
0.000906579174581
0.00271973752374
0.0034104645139
0.000820238300812
0.000992920048351
0.000604386116387
0.00297876014505
0.00297876014505
0.00595752029011
0.000906579174581
0.0014246244172
0.000906579174581
0.000820238300812
0.00120877223277
0.00349680538767
0.00207218097047
0.00120877223277
0.000604386116387
0.00725263339665
0.00107926092212
0.00107926092212
0.00410119150406
0.000733897427042
0.00155413572785
0.00125194266966
0.00107926092212
0.000906579174581
0.000647556553272
0.0022880331549
0.00185632878605
0.000777067863927
0.00133828354343
0.00133828354343
0.00185632878605
0.000949749611466
0.000863408737696
0.00259022621309
0.00181315834916
0.00103609048524
0.000820238300812
0.00194266965982
0.00530996373683
0.000992920048351
0.000820238300812
0.000820238300812
0.0245639785875
0.00129511310654
0.00164047660162
0.000690726990157
0.00151096529097
0.00103609048524
0.000906579174581
0.00125194266966
0.00492142980487
0.00168364703851
0.00928164393024
0.00267656708686
0.000906579174581
0.00496460024175
0.000777067863927
0.00509411155241
0.0240459333448
0.000949749611466
0.0025470557762
0.00125194266966
0.00107926092212
0.000820238300812
0.00107926092212
0.00176998791228
0.00323778276636
0.00267656708686
0.000690726990157
0.00984285960974
0.000733897427042
0.000733897427042
0.000863408737696
0.00470557762045
0.000949749611466
0.00556898635814
0.00526679329995
0.00414436194094
0.00362631669832
0.000647556553272
0.00129511310654
0.000992920048351
0.000906579174581
0.000733897427042
0.00176998791228
0.00120877223277
0.00138145398031
0.000949749611466
0.00237437402867
0.00215852184424
0.00107926092212
0.00211535140736
0.000820238300812
0.00807287169746
0.000992920048351
0.000777067863927
0.000906579174581
0.000863408737696
0.00267656708686
0.00155413572785
0.00168364703851
0.000820238300812
0.000777067863927
0.00125194266966
0.000820238300812
0.000949749611466
0.000647556553272
0.00703678121223
0.000604386116387
0.000604386116387
0.00375582800898
0.00146779485408
0.000777067863927
0.00315144189259
0.000604386116387
0.00604386116387
0.000733897427042
0.000604386116387
0.00271973752374
0.00293558970817
0.000777067863927
0.000949749611466
0.0461923674668
0.000906579174581
0.00146779485408
0.00103609048524
0.000690726990157
0.000949749611466
0.00271973752374
0.00202901053359
0.000647556553272
0.00453289587291
0.00146779485408
0.000604386116387
0.00202901053359
0.00237437402867
0.00461923674668
0.000949749611466
0.000647556553272
0.000863408737696
0.00164047660162
0.000733897427042
0.0019858400967
0.00185632878605
0.000647556553272
0.00107926092212
0.00151096529097
0.00202901053359
0.00138145398031
0.0529701260577
0.00224486271801
0.00107926092212
0.00306510101882
0.00120877223277
0.000690726990157
0.000647556553272
0.000906579174581
0.00155413572785
0.000777067863927
0.00319461232948
0.00133828354343
0.00155413572785
0.000777067863927
0.00120877223277
0.00125194266966
0.00103609048524
0.00112243135901
0.00120877223277
0.00146779485408
0.00297876014505
0.00133828354343
0.00129511310654
0.000647556553272
0.00345363495079
0.000647556553272
0.000949749611466
0.00133828354343
0.0443792091176
0.00561215679503
0.000690726990157
0.000906579174581
0.00164047660162
0.00349680538767
0.00259022621309
0.0076843377655
0.00263339664997
0.00267656708686
0.00379899844586
0.000733897427042
0.00215852184424
0.00120877223277
0.0025470557762
0.00505094111552
0.00423070281471
0.00159730616474
0.000863408737696
0.000777067863927
0.00466240718356
0.000992920048351
0.00112243135901
0.0014246244172
0.0102745639786
0.00168364703851
0.00129511310654
0.000690726990157
0.00207218097047
0.00263339664997
0.000647556553272
0.000690726990157
0.000820238300812
0.000733897427042
0.00107926092212
0.000992920048351
0.000820238300812
0.00215852184424
0.00215852184424
0.000949749611466
0.000949749611466
0.00548264548437
0.000690726990157
0.000949749611466
0.0118718701433
0.0014246244172
0.00366948713521
0.000690726990157
0.00233120359178
0.00574166810568
0.000733897427042
0.00328095320325
0.0022880331549
0.00103609048524
0.0028492488344
0.00556898635814
0.000863408737696
0.000863408737696
0.00267656708686
0.00202901053359
0.000949749611466
0.0014246244172
0.000733897427042
0.00107926092212
0.00133828354343
0.000733897427042
0.00138145398031
0.000690726990157
0.000647556553272
0.000733897427042
0.00375582800898
0.00107926092212
0.00103609048524
0.000647556553272
0.000949749611466
0.00138145398031
0.000992920048351
0.00103609048524
0.000733897427042
0.00172681747539
0.000733897427042
0.00250388533932
0.00138145398031
0.000949749611466
0.00107926092212
0.000906579174581
0.00125194266966
0.000820238300812
0.000690726990157
0.000647556553272
0.00246071490243
0.000647556553272
0.00414436194094
0.00112243135901
0.000863408737696
0.00310827145571
0.000733897427042
0.00107926092212
0.00129511310654
0.00168364703851
0.000647556553272
0.00410119150406
0.00172681747539
0.000820238300812
0.0736055948886
0.00319461232948
0.000992920048351
0.000820238300812
0.000949749611466
0.0170091521326
0.0102745639786
0.000690726990157
0.0014246244172
0.00107926092212
0.0014246244172
0.00189949922293
0.000733897427042
0.00587117941634
0.00151096529097
0.000820238300812
0.000777067863927
0.000949749611466
0.000733897427042
0.000777067863927
0.00215852184424
0.000820238300812
0.000647556553272
0.000690726990157
0.00362631669832
0.000863408737696
0.000604386116387
0.000733897427042
0.00107926092212
0.0019858400967
0.000820238300812
0.000647556553272
0.0160162320843
0.000906579174581
0.00133828354343
0.000777067863927
0.00353997582456
0.000777067863927
0.000949749611466
0.000820238300812
0.0014246244172
0.00133828354343
0.00634605422207
0.000690726990157
0.00315144189259
0.000733897427042
0.000604386116387
0.00448972543602
0.000906579174581
0.000647556553272
0.00181315834916
0.00103609048524
0.000992920048351
0.000647556553272
0.000906579174581
0.000820238300812
0.00362631669832
0.000863408737696
0.000949749611466
0.000647556553272
0.00638922465895
0.00159730616474
0.000992920048351
0.00168364703851
0.000906579174581
0.000863408737696
0.00379899844586
0.000820238300812
0.0100155413573
0.000906579174581
0.00168364703851
0.00107926092212
0.00233120359178
0.00159730616474
0.00276290796063
0.00224486271801
0.000733897427042
0.00107926092212
0.00146779485408
0.00336729407702
0.000992920048351
0.153557243999
0.000906579174581
0.00116560179589
0.00375582800898
0.00353997582456
0.000820238300812
0.00716629252288
0.00103609048524
0.00202901053359
0.000992920048351
0.00185632878605
0.000733897427042
0.00125194266966
0.00574166810568
0.00107926092212
0.00103609048524
0.000690726990157
0.00211535140736
0.000690726990157
0.000863408737696
0.00129511310654
0.000906579174581
0.00246071490243
0.00164047660162
0.000690726990157
0.00133828354343
0.00112243135901
0.00116560179589
0.000820238300812
0.000949749611466
0.000604386116387
0.000690726990157
0.000690726990157
0.00194266965982
0.00250388533932
0.00233120359178
0.00474874805733
0.0191676739769
0.0019858400967
0.00112243135901
0.00220169228113
0.00120877223277
0.00522362286306
0.000604386116387
0.000906579174581
0.00107926092212
0.000820238300812
0.00621654291141
0.000604386116387
0.00103609048524
0.0028492488344
0.00107926092212
0.00293558970817
0.00202901053359
0.00401485063029
0.00176998791228
0.000647556553272
0.000690726990157
0.00116560179589
0.000733897427042
0.000690726990157
0.00293558970817
0.00151096529097
0.00112243135901
0.0019858400967
0.00366948713521
0.00181315834916
0.00194266965982
0.00185632878605
0.00479191849422
0.0034104645139
0.00146779485408
0.000647556553272
0.000647556553272
0.00444655499914
0.000647556553272
0.00276290796063
0.00168364703851
0.00138145398031
0.00401485063029
0.000647556553272
0.008245553445
0.000733897427042
0.000647556553272
0.00189949922293
0.000906579174581
0.00120877223277
0.0022880331549
0.0461491970299
0.00103609048524
0.00362631669832
0.000863408737696
0.000863408737696
0.000647556553272
0.000690726990157
0.000777067863927
0.00513728198929
0.00332412364013
0.0022880331549
0.00107926092212
0.000992920048351
0.00328095320325
0.00159730616474
0.000777067863927
0.000647556553272
0.000690726990157
0.000690726990157
0.00293558970817
0.00323778276636
0.00112243135901
0.00224486271801
0.00151096529097
0.00103609048524
0.00164047660162
0.00280607839751
0.000863408737696
0.000733897427042
0.000949749611466
0.000992920048351
0.00120877223277
0.000992920048351
0.000863408737696
0.000733897427042
0.000949749611466
0.000906579174581
0.0014246244172
0.000647556553272
0.000906579174581
0.0281902952858
0.00176998791228
0.000647556553272
0.00120877223277
0.000992920048351
0.000604386116387
0.000777067863927
0.00155413572785
0.00164047660162
0.000777067863927
0.0028492488344
0.00535313417372
0.000604386116387
0.00707995164911
0.000906579174581
0.00159730616474
0.000604386116387
0.00237437402867
0.000820238300812
0.00164047660162
0.0019858400967
0.000733897427042
0.000733897427042
0.0302624762563
0.000690726990157
0.00410119150406
0.000604386116387
0.0076843377655
0.00500777067864
0.00133828354343
0.00561215679503
0.000690726990157
0.0019858400967
0.00159730616474
0.000777067863927
0.0137713693663
0.00410119150406
0.00630288378518
0.00250388533932
0.00250388533932
0.0139008806769
0.00138145398031
0.000820238300812
0.00289241927128
0.00630288378518
0.00202901053359
0.00164047660162
0.00194266965982
0.000863408737696
0.0014246244172
0.00103609048524
0.000949749611466
0.00176998791228
0.00146779485408
0.00267656708686
0.000690726990157
0.000949749611466
0.0107062683474
0.000647556553272
0.0019858400967
0.00310827145571
0.000604386116387
0.00125194266966
0.00220169228113
0.000733897427042
0.00353997582456
0.00353997582456
0.000863408737696
0.00211535140736
0.00112243135901
0.000992920048351
0.00932481436712
0.000690726990157
0.00237437402867
0.00168364703851
0.000777067863927
0.0014246244172
0.00194266965982
0.000777067863927
0.00107926092212
0.00120877223277
0.00358314626144
0.00617337247453
0.000777067863927
0.00138145398031
0.00164047660162
0.00211535140736
0.000820238300812
0.000777067863927
0.000863408737696
0.000690726990157
0.000647556553272
0.00151096529097
0.000863408737696
0.00306510101882
0.000690726990157
0.00107926092212
0.00120877223277
0.000820238300812
0.00259022621309
0.00103609048524
0.00418753237783
0.000733897427042
0.000777067863927
0.0260749438784
0.00241754446555
0.00129511310654
0.000733897427042
0.00133828354343
0.00138145398031
0.00159730616474
0.000863408737696
0.00561215679503
0.000949749611466
0.00138145398031
0.00103609048524
0.0462787083405
0.00194266965982
0.00276290796063
0.00241754446555
0.000777067863927
0.000777067863927
0.00120877223277
0.00129511310654
0.000820238300812
0.00146779485408
0.00513728198929
0.00185632878605
0.00289241927128
0.019858400967
0.00271973752374
0.000777067863927
0.000906579174581
0.000820238300812
0.00401485063029
0.00107926092212
0.000733897427042
0.00120877223277
0.00176998791228
0.00138145398031
0.00207218097047
0.000863408737696
0.0019858400967
0.00280607839751
0.00224486271801
0.00120877223277
0.00293558970817
0.0022880331549
0.00120877223277
0.00107926092212
0.0019858400967
0.00470557762045
0.000604386116387
0.000733897427042
0.000906579174581
0.00535313417372
0.00125194266966
0.0167069590744
0.00168364703851
0.00125194266966
0.000949749611466
0.000733897427042
0.000604386116387
0.000777067863927
0.00146779485408
0.00703678121223
0.00155413572785
0.000863408737696
0.000690726990157
0.0141167328613
0.00336729407702
0.0062597133483
0.00120877223277
0.00241754446555
0.00189949922293
0.00138145398031
0.000690726990157
0.000777067863927
0.000647556553272
0.00518045242618
0.00172681747539
0.00168364703851
0.000863408737696
0.00215852184424
0.000604386116387
0.0139008806769
0.00332412364013
0.000690726990157
0.000647556553272
0.000906579174581
0.00319461232948
0.00120877223277
0.00207218097047
0.0053963046106
0.00189949922293
0.00263339664997
0.00189949922293
0.000863408737696
0.00289241927128
0.000647556553272
0.0019858400967
0.000690726990157
0.00362631669832
0.000690726990157
0.000690726990157
0.000647556553272
0.000604386116387
0.000863408737696
0.00112243135901
0.000777067863927
0.00470557762045
0.000647556553272
0.000777067863927
0.000906579174581
0.000690726990157
0.00116560179589
0.000906579174581
0.00259022621309
0.000992920048351
0.00431704368848
0.000647556553272
0.00319461232948
0.00138145398031
0.0286219996546
0.000992920048351
0.000992920048351
0.000949749611466
0.00189949922293
0.000690726990157
0.00107926092212
0.00181315834916
0.0022880331549
0.00336729407702
0.00233120359178
0.00164047660162
0.000777067863927
0.000604386116387
0.000604386116387
0.000690726990157
0.00466240718356
0.000647556553272
0.000647556553272
0.00211535140736
0.00185632878605
0.639095147643
0.62458988085
0.00332412364013
0.00323778276636
0.000906579174581
0.000647556553272
0.0014246244172
0.00129511310654
0.00172681747539
0.00138145398031
0.000777067863927
0.00151096529097
0.00237437402867
0.00116560179589
0.00194266965982
0.000647556553272
0.00172681747539
0.00259022621309
0.00259022621309
0.000777067863927
0.000777067863927
0.000604386116387
0.00220169228113
0.000733897427042
0.000992920048351
0.000906579174581
0.0283198065964
0.000777067863927
0.000604386116387
0.000992920048351
0.000820238300812
0.000777067863927
0.00250388533932
0.00202901053359
0.000604386116387
0.000690726990157
0.00669141771715
0.000777067863927
0.000604386116387
0.00107926092212
0.000733897427042
0.00371265757209
0.000777067863927
0.00703678121223
0.000863408737696
0.0028492488344
0.00388533931963
0.00867725781385
0.000690726990157
0.000733897427042
0.00176998791228
0.000690726990157
0.000992920048351
0.000863408737696
0.000733897427042
0.00280607839751
0.00125194266966
0.000647556553272
0.00492142980487
0.000820238300812
0.000906579174581
0.000949749611466
0.253669487135
0.00194266965982
0.000690726990157
0.000733897427042
0.0855206354688
0.00353997582456
0.00103609048524
0.00107926092212
0.00133828354343
0.00129511310654
0.00310827145571
0.000733897427042
0.000777067863927
0.000992920048351
0.0022880331549
0.000604386116387
0.00155413572785
0.000820238300812
0.00129511310654
0.000777067863927
0.000992920048351
0.000863408737696
0.000604386116387
0.0025470557762
0.00168364703851
0.00194266965982
0.000820238300812
0.000733897427042
0.000733897427042
0.00172681747539
0.000777067863927
0.00720946295977
0.000777067863927
0.000949749611466
0.00233120359178
0.00772750820238
0.00159730616474
0.00276290796063
0.00168364703851
0.00116560179589
0.000777067863927
0.0312985667415
0.00202901053359
0.00155413572785
0.000690726990157
0.000906579174581
0.000647556553272
0.000992920048351
0.00207218097047
0.00310827145571
0.000863408737696
0.000604386116387
0.00146779485408
0.00103609048524
0.00103609048524
0.000690726990157
0.00669141771715
0.00103609048524
0.000949749611466
0.00224486271801
0.00103609048524
0.000777067863927
0.00211535140736
0.00172681747539
0.000690726990157
0.00125194266966
0.0028492488344
0.000733897427042
0.00129511310654
0.000733897427042
0.000820238300812
0.0165774477638
0.00133828354343
0.00211535140736
0.00133828354343
0.00176998791228
0.00280607839751
0.000647556553272
0.000949749611466
0.000863408737696
0.000820238300812
0.148160939389
0.00436021412537
0.00151096529097
0.00107926092212
0.00189949922293
0.000863408737696
0.000992920048351
0.00125194266966
0.000733897427042
0.000820238300812
0.00185632878605
0.000777067863927
0.00211535140736
0.000863408737696
0.00138145398031
0.00302193058194
0.00168364703851
0.000777067863927
0.0019858400967
0.00103609048524
0.00600069072699
0.00138145398031
0.00336729407702
0.000690726990157
0.00168364703851
0.000949749611466
0.000906579174581
0.00259022621309
0.00129511310654
0.00116560179589
0.00146779485408
0.000647556553272
0.000604386116387
0.000690726990157
0.00176998791228
0.00138145398031
0.00954066655155
0.000690726990157
0.00103609048524
0.000949749611466
0.000647556553272
0.00125194266966
0.000863408737696
0.00297876014505
0.00125194266966
0.00107926092212
0.00621654291141
0.000863408737696
0.00526679329995
0.00103609048524
0.000820238300812
0.0104472457261
0.00423070281471
0.0675617337247
0.00146779485408
0.00220169228113
0.000647556553272
0.000992920048351
0.00120877223277
0.000777067863927
0.00297876014505
0.00103609048524
0.0042738732516
0.00241754446555
0.000992920048351
0.00116560179589
0.00125194266966
0.000777067863927
0.00151096529097
0.00168364703851
0.000992920048351
0.000777067863927
0.00129511310654
0.00103609048524
0.0113106544638
0.000690726990157
0.00129511310654
0.000863408737696
0.000949749611466
0.000820238300812
0.00185632878605
0.000647556553272
0.00440338456225
0.00181315834916
0.000820238300812
0.000820238300812
0.000820238300812
0.000949749611466
0.00133828354343
0.000690726990157
0.000647556553272
0.00647556553272
0.000949749611466
0.00371265757209
0.000733897427042
0.00151096529097
0.000863408737696
0.00707995164911
0.000992920048351
0.000647556553272
0.00237437402867
0.00164047660162
0.000863408737696
0.000949749611466
0.000777067863927
0.000820238300812
0.00246071490243
0.000820238300812
0.00194266965982
0.00189949922293
0.00107926092212
0.0214557071318
0.000906579174581
0.000733897427042
0.000647556553272
0.00189949922293
0.014246244172
0.0135555171818
0.00129511310654
0.000647556553272
0.000820238300812
0.0048350889311
0.000647556553272
0.000820238300812
0.000647556553272
0.00332412364013
0.000992920048351
0.000906579174581
0.00107926092212
0.00207218097047
0.000992920048351
0.000690726990157
0.00250388533932
0.000690726990157
0.00164047660162
0.0693748920739
0.00211535140736
0.00323778276636
0.000906579174581
0.00116560179589
0.00155413572785
0.00107926092212
0.00103609048524
0.000604386116387
0.00297876014505
0.00496460024175
0.00181315834916
0.000820238300812
0.00215852184424
0.00129511310654
0.00310827145571
0.00548264548437
0.0014246244172
0.00271973752374
0.00250388533932
0.00151096529097
0.0014246244172
0.000690726990157
0.000820238300812
0.0169228112588
0.00271973752374
0.000863408737696
0.000906579174581
0.00155413572785
0.00181315834916
0.000733897427042
0.000604386116387
0.000777067863927
0.000647556553272
0.00129511310654
0.00116560179589
0.000733897427042
0.0128216197548
0.000690726990157
0.000906579174581
0.000647556553272
0.000733897427042
0.000906579174581
0.00125194266966
0.00116560179589
0.00107926092212
0.00107926092212
0.00470557762045
0.0039716801934
0.00220169228113
0.00138145398031
0.00401485063029
0.00241754446555
0.000863408737696
0.00699361077534
0.000949749611466
0.000777067863927
0.00189949922293
0.000733897427042
0.00466240718356
0.000906579174581
0.00125194266966
0.000906579174581
0.00194266965982
0.00211535140736
0.000690726990157
0.000690726990157
0.00176998791228
0.000690726990157
0.00466240718356
0.000820238300812
0.000733897427042
0.00107926092212
0.00811604213435
0.00280607839751
0.000647556553272
0.000647556553272
0.00250388533932
0.00168364703851
0.00189949922293
0.000863408737696
0.000733897427042
0.000777067863927
0.00302193058194
0.000690726990157
0.0039716801934
0.00418753237783
0.00176998791228
0.000992920048351
0.00116560179589
0.00220169228113
0.00202901053359
0.000604386116387
0.00362631669832
0.000820238300812
0.00103609048524
0.00176998791228
0.00716629252288
0.000604386116387
0.000647556553272
0.0014246244172
0.000777067863927
0.0014246244172
0.0158003798998
0.000949749611466
0.000906579174581
0.000949749611466
0.000733897427042
0.00168364703851
0.00129511310654
0.00194266965982
0.00116560179589
0.000690726990157
0.00202901053359
0.000906579174581
0.00129511310654
0.00259022621309
0.00112243135901
0.00107926092212
0.000690726990157
0.0224486271801
0.00138145398031
0.00202901053359
0.000733897427042
0.00181315834916
0.000906579174581
0.00107926092212
0.000906579174581
0.00211535140736
0.00302193058194
0.00224486271801
0.000820238300812
0.000733897427042
0.00116560179589
0.00168364703851
0.000690726990157
0.00794336038681
0.000777067863927
0.000820238300812
0.00604386116387
0.000647556553272
0.000992920048351
0.000733897427042
0.00125194266966
0.000733897427042
0.00220169228113
0.000992920048351
0.000690726990157
0.000777067863927
0.00263339664997
0.0110084614056
0.00151096529097
0.000863408737696
0.000690726990157
0.000820238300812
0.000647556553272
0.00103609048524
0.00125194266966
0.00535313417372
0.00172681747539
0.00181315834916
0.000863408737696
0.0034104645139
0.000777067863927
0.00591434985322
0.00669141771715
0.00289241927128
0.00237437402867
0.00556898635814
0.00185632878605
0.0019858400967
0.00358314626144
0.00267656708686
0.00215852184424
0.000820238300812
0.00189949922293
0.00146779485408
0.00224486271801
0.000690726990157
0.000820238300812
0.00146779485408
0.0048350889311
0.00323778276636
0.0019858400967
0.00159730616474
0.000604386116387
0.00764116732861
0.000647556553272
0.000690726990157
0.00120877223277
0.00211535140736
0.000604386116387
0.00565532723191
0.000604386116387
0.000690726990157
0.000863408737696
0.000777067863927
0.000733897427042
0.00202901053359
0.00116560179589
0.000777067863927
0.000604386116387
0.000733897427042
0.00107926092212
0.00509411155241
0.000647556553272
0.000777067863927
0.00436021412537
0.00259022621309
0.00189949922293
0.00125194266966
0.0147642894146
0.000690726990157
0.000647556553272
0.00781384907615
0.000647556553272
0.00293558970817
0.00431704368848
0.00310827145571
0.00889310999827
0.000604386116387
0.000690726990157
0.010878950095
0.000777067863927
0.00112243135901
0.000863408737696
0.000690726990157
0.000647556553272
0.000820238300812
0.00328095320325
0.000604386116387
0.000992920048351
0.00237437402867
0.000690726990157
0.00112243135901
0.00129511310654
0.00129511310654
0.000647556553272
0.00202901053359
0.00151096529097
0.00116560179589
0.000863408737696
0.000647556553272
0.015368675531
0.00250388533932
0.00436021412537
0.00276290796063
0.00181315834916
0.00392850975652
0.0437316525643
0.00202901053359
0.00120877223277
0.00418753237783
0.00107926092212
0.00116560179589
0.000647556553272
0.0152391642203
0.00120877223277
0.000949749611466
0.00159730616474
0.00125194266966
0.00129511310654
0.0190813331031
0.0028492488344
0.000820238300812
0.000647556553272
0.00168364703851
0.00151096529097
0.000733897427042
0.00133828354343
0.000992920048351
0.00677775859092
0.000906579174581
0.0014246244172
0.00651873596961
0.00237437402867
0.00164047660162
0.00215852184424
0.00151096529097
0.00600069072699
0.00107926092212
0.00466240718356
0.00241754446555
0.00120877223277
0.00103609048524
0.000690726990157
0.000992920048351
0.00224486271801
0.000949749611466
0.000992920048351
0.000949749611466
0.00349680538767
0.000777067863927
0.000647556553272
0.00176998791228
0.00379899844586
0.00159730616474
0.00220169228113
0.000906579174581
0.00276290796063
0.000949749611466
0.00103609048524
0.00168364703851
0.00613020203764
0.000733897427042
0.00241754446555
0.00215852184424
0.00215852184424
0.000647556553272
0.000992920048351
0.000992920048351
0.000992920048351
0.00353997582456
0.00155413572785
0.000647556553272
0.00133828354343
0.0014246244172
0.000777067863927
0.00103609048524
0.00116560179589
0.00146779485408
0.00194266965982
0.00151096529097
0.000992920048351
0.00634605422207
0.00107926092212
0.0104472457261
0.000992920048351
0.000604386116387
0.000820238300812
0.029226385771
0.000863408737696
0.000863408737696
0.00159730616474
0.000777067863927
0.00496460024175
0.000777067863927
0.00647556553272
0.000604386116387
0.00699361077534
0.00125194266966
0.00129511310654
0.000647556553272
0.000863408737696
0.00358314626144
0.00168364703851
0.00103609048524
0.000777067863927
0.000690726990157
0.0014246244172
0.000647556553272
0.000949749611466
0.00129511310654
0.00936798480401
0.00854774650319
0.000777067863927
0.00302193058194
0.00120877223277
0.00695044033846
0.00112243135901
0.00129511310654
0.0014246244172
0.0332844068382
0.00120877223277
0.00103609048524
0.000733897427042
0.000863408737696
0.00194266965982
0.000863408737696
0.00129511310654
0.000690726990157
0.000647556553272
0.00919530305647
0.00129511310654
0.00418753237783
0.00613020203764
0.000604386116387
0.000820238300812
0.000647556553272
0.000820238300812
0.00215852184424
0.000777067863927
0.000690726990157
0.00530996373683
0.000906579174581
0.000733897427042
0.000777067863927
0.00237437402867
0.000647556553272
0.00112243135901
0.000690726990157
0.000863408737696
0.00319461232948
0.000906579174581
0.00263339664997
0.000604386116387
0.000647556553272
0.0207649801416
0.000820238300812
0.0100587117942
0.00116560179589
0.00293558970817
0.00172681747539
0.00138145398031
0.000604386116387
0.00997237092039
0.000992920048351
0.00181315834916
0.000647556553272
0.00151096529097
0.000690726990157
0.0076843377655
0.00246071490243
0.00220169228113
0.00125194266966
0.000906579174581
0.000820238300812
0.000777067863927
0.000604386116387
0.00155413572785
0.00112243135901
0.000733897427042
0.000733897427042
0.0025470557762
0.0272837161112
0.000906579174581
0.00418753237783
0.00133828354343
0.00172681747539
0.000949749611466
0.000604386116387
0.00548264548437
0.0335434294595
0.00418753237783
0.000733897427042
0.00366948713521
0.000820238300812
0.00120877223277
0.000863408737696
0.000733897427042
0.000906579174581
0.000863408737696
0.00436021412537
0.000949749611466
0.000604386116387
0.000863408737696
0.00690726990157
0.00664824728026
0.00168364703851
0.000992920048351
0.00647556553272
0.000647556553272
0.00215852184424
0.00237437402867
0.00250388533932
0.0404075289242
0.000863408737696
0.00164047660162
0.00112243135901
0.00526679329995
0.00129511310654
0.000733897427042
0.000604386116387
0.00103609048524
0.00604386116387
0.000906579174581
0.000647556553272
0.00423070281471
0.00181315834916
0.000906579174581
0.000949749611466
0.0559920566396
0.00276290796063
0.000647556553272
0.00202901053359
0.000647556553272
0.00202901053359
0.00133828354343
0.000863408737696
0.00107926092212
0.00168364703851
0.00155413572785
0.00189949922293
0.000690726990157
0.000906579174581
0.00207218097047
0.00172681747539
0.000733897427042
0.00112243135901
0.00276290796063
0.000820238300812
0.00366948713521
0.00125194266966
0.00107926092212
0.0246071490243
0.000647556553272
0.000820238300812
0.000949749611466
0.00116560179589
0.000863408737696
0.00176998791228
0.00125194266966
0.000604386116387
0.000647556553272
0.00120877223277
0.000647556553272
0.00138145398031
0.00120877223277
0.00125194266966
0.00151096529097
0.000906579174581
0.00241754446555
0.00513728198929
0.00107926092212
0.0406665515455
0.00207218097047
0.000949749611466
0.000906579174581
0.00112243135901
0.000863408737696
0.00323778276636
0.00120877223277
0.00349680538767
0.000690726990157
0.00392850975652
0.00112243135901
0.00250388533932
0.000647556553272
0.00388533931963
0.00729580383353
0.000906579174581
0.000820238300812
0.00384216888275
0.000690726990157
0.000690726990157
0.00120877223277
0.000777067863927
0.221852875151
0.00125194266966
0.000992920048351
0.00164047660162
0.000733897427042
0.0368243826628
0.000690726990157
0.000949749611466
0.00120877223277
0.00259022621309
0.00237437402867
0.00405802106717
0.000777067863927
0.00138145398031
0.00129511310654
0.00401485063029
0.00103609048524
0.000733897427042
0.000906579174581
0.00194266965982
0.00233120359178
0.000820238300812
0.00215852184424
0.00146779485408
0.0028492488344
0.00133828354343
0.000992920048351
0.0073821447073
0.000863408737696
0.0028492488344
0.00146779485408
0.00207218097047
0.000733897427042
0.00293558970817
0.00733897427042
0.0370834052841
0.00220169228113
0.0014246244172
0.00172681747539
0.000690726990157
0.00103609048524
0.000733897427042
0.00189949922293
0.000863408737696
0.000820238300812
0.0113969953376
0.000647556553272
0.000949749611466
0.000992920048351
0.00224486271801
0.000992920048351
0.00120877223277
0.00202901053359
0.00587117941634
0.00138145398031
0.00263339664997
0.000777067863927
0.00505094111552
0.000690726990157
0.000690726990157
0.00345363495079
0.00164047660162
0.00220169228113
0.00185632878605
0.000820238300812
0.205577620446
0.0131669832499
0.00259022621309
0.00164047660162
0.00535313417372
0.00189949922293
0.000992920048351
0.000906579174581
0.00155413572785
0.00116560179589
0.000777067863927
0.00133828354343
0.00237437402867
0.000906579174581
0.00336729407702
0.000604386116387
0.00185632878605
0.000992920048351
0.00155413572785
0.000690726990157
0.000733897427042
0.00366948713521
0.000863408737696
0.00112243135901
0.00116560179589
0.00146779485408
0.000690726990157
0.0451994474184
0.000733897427042
0.00431704368848
0.00505094111552
0.00375582800898
0.000733897427042
0.0298739423243
0.00133828354343
0.00112243135901
0.000690726990157
0.000949749611466
0.000690726990157
0.00133828354343
0.000992920048351
0.00116560179589
0.000949749611466
0.00103609048524
0.0173976860646
0.00112243135901
0.00353997582456
0.000906579174581
0.00237437402867
0.000777067863927
0.00133828354343
0.0109221205319
0.000647556553272
0.000863408737696
0.000647556553272
0.000992920048351
0.000647556553272
0.000906579174581
0.000820238300812
0.00431704368848
0.000690726990157
0.00112243135901
0.00107926092212
0.00202901053359
0.000604386116387
0.00159730616474
0.00164047660162
0.00125194266966
0.00112243135901
0.00246071490243
0.00181315834916
0.00479191849422
0.00418753237783
0.00440338456225
0.00237437402867
0.000863408737696
0.00133828354343
0.000777067863927
0.0143325850458
0.000647556553272
0.0039716801934
0.00271973752374
0.000733897427042
0.00707995164911
0.0034104645139
0.00159730616474
0.026247625626
0.000906579174581
0.00211535140736
0.000733897427042
0.00345363495079
0.000733897427042
0.000733897427042
0.00293558970817
0.000733897427042
0.0350112243136
0.000690726990157
0.000604386116387
0.00168364703851
0.000992920048351
0.00220169228113
0.00941115524089
0.00276290796063
0.00120877223277
0.00103609048524
0.000992920048351
0.0014246244172
0.00263339664997
0.00189949922293
0.000647556553272
0.000733897427042
0.00759799689173
0.00250388533932
0.0014246244172
0.017225004317
0.00107926092212
0.000733897427042
0.00176998791228
0.000604386116387
0.00151096529097
0.00125194266966
0.000949749611466
0.00448972543602
0.000647556553272
0.00155413572785
0.00574166810568
0.0166637886375
0.0014246244172
0.000733897427042
0.00116560179589
0.00164047660162
0.00116560179589
0.00168364703851
0.00651873596961
0.00125194266966
0.000733897427042
0.00151096529097
0.00474874805733
0.000949749611466
0.0193403557244
0.000820238300812
0.000863408737696
0.00103609048524
0.000949749611466
0.000690726990157
0.00263339664997
0.00457606630979
0.00107926092212
0.00323778276636
0.00241754446555
0.000820238300812
0.0034104645139
0.000992920048351
0.000733897427042
0.00116560179589
0.000647556553272
0.00211535140736
0.00181315834916
0.0182179243654
0.000733897427042
0.000949749611466
0.000647556553272
0.000949749611466
0.000906579174581
0.00116560179589
0.00241754446555
0.000949749611466
0.000863408737696
0.000777067863927
0.000777067863927
0.000647556553272
0.00168364703851
0.000733897427042
0.0129943015023
0.00103609048524
0.000777067863927
0.00302193058194
0.00107926092212
0.0025470557762
0.00125194266966
0.000690726990157
0.00138145398031
0.000820238300812
0.000647556553272
0.00461923674668
0.000863408737696
0.000992920048351
0.00133828354343
0.00107926092212
0.000690726990157
0.00328095320325
0.00224486271801
0.000820238300812
0.00164047660162
0.000863408737696
0.00164047660162
0.00129511310654
0.0132533241236
0.00453289587291
0.00505094111552
0.0022880331549
0.000647556553272
0.00211535140736
0.00263339664997
0.000992920048351
0.000604386116387
0.000733897427042
0.000820238300812
0.00293558970817
0.000647556553272
0.00457606630979
0.00220169228113
0.000733897427042
0.00146779485408
0.000690726990157
0.00107926092212
0.000820238300812
0.00211535140736
0.000733897427042
0.00513728198929
0.000777067863927
0.00151096529097
0.000733897427042
0.000820238300812
0.00289241927128
0.000777067863927
0.00146779485408
0.00207218097047
0.00125194266966
0.00267656708686
0.0042738732516
0.00263339664997
0.00129511310654
0.00306510101882
0.00496460024175
0.00155413572785
0.000733897427042
0.00323778276636
0.0022880331549
0.00194266965982
0.000777067863927
0.00112243135901
0.00729580383353
0.00116560179589
0.00116560179589
0.000647556553272
0.000820238300812
0.000777067863927
0.00202901053359
0.00306510101882
0.000647556553272
0.00168364703851
0.00211535140736
0.000690726990157
0.000906579174581
0.00379899844586
0.000820238300812
0.000777067863927
0.0223622863063
0.000863408737696
0.000733897427042
0.000604386116387
0.00151096529097
0.00293558970817
0.00410119150406
0.0014246244172
0.00349680538767
0.000647556553272
0.00353997582456
0.00159730616474
0.00125194266966
0.000949749611466
0.00211535140736
0.00250388533932
0.000733897427042
0.00129511310654
0.00116560179589
0.00155413572785
0.000647556553272
0.000906579174581
0.00958383698843
0.00448972543602
0.00349680538767
0.00176998791228
0.000604386116387
0.00189949922293
0.00129511310654
0.00431704368848
0.00164047660162
0.000906579174581
0.000777067863927
0.00103609048524
0.000647556553272
0.00371265757209
0.00332412364013
0.00176998791228
0.00116560179589
0.000777067863927
0.0068209290278
0.00207218097047
0.000647556553272
0.00133828354343
0.000820238300812
0.000604386116387
0.00107926092212
0.00302193058194
0.00246071490243
0.000690726990157
0.00876359868762
0.000992920048351
0.00159730616474
0.00103609048524
0.000949749611466
0.000906579174581
0.00302193058194
0.00448972543602
0.00155413572785
0.00202901053359
0.00207218097047
0.000647556553272
0.000733897427042
0.0598342255224
0.00384216888275
0.0014246244172
0.000777067863927
0.0234415472285
0.0193403557244
0.00146779485408
0.000863408737696
0.000820238300812
0.00237437402867
0.000690726990157
0.00112243135901
0.00103609048524
0.00233120359178
0.00155413572785
0.00423070281471
0.00207218097047
0.000949749611466
0.00112243135901
0.00112243135901
0.000777067863927
0.000690726990157
0.00237437402867
0.00103609048524
0.00315144189259
0.000863408737696
0.000820238300812
0.0014246244172
0.00168364703851
0.000777067863927
0.00107926092212
0.00129511310654
0.000906579174581
0.00151096529097
0.000733897427042
0.00293558970817
0.00103609048524
0.00120877223277
0.0014246244172
0.0859955102746
0.000733897427042
0.00151096529097
0.000820238300812
0.0344068381972
0.00224486271801
0.000647556553272
0.00155413572785
0.00202901053359
0.000949749611466
0.000863408737696
0.00250388533932
0.00159730616474
0.00224486271801
0.00133828354343
0.00155413572785
0.000690726990157
0.0282334657227
0.000690726990157
0.00103609048524
0.00112243135901
0.00155413572785
0.000820238300812
0.00103609048524
0.000906579174581
0.00889310999827
0.000733897427042
0.00155413572785
0.000604386116387
0.00107926092212
0.0161457433949
0.00116560179589
0.000949749611466
0.00366948713521
0.00112243135901
0.000690726990157
0.000863408737696
0.000777067863927
0.000733897427042
0.00224486271801
0.00112243135901
0.000647556553272
0.000820238300812
0.00293558970817
0.00129511310654
0.0189086513556
0.00185632878605
0.000690726990157
0.00345363495079
0.00202901053359
0.00872042825073
0.000647556553272
0.00362631669832
0.000690726990157
0.00146779485408
0.000647556553272
0.0134260058712
0.000647556553272
0.000777067863927
0.00116560179589
0.00107926092212
0.00328095320325
0.000863408737696
0.0019858400967
0.000733897427042
0.0019858400967
0.000777067863927
0.00587117941634
0.00138145398031
0.000863408737696
0.0116560179589
0.00215852184424
0.00289241927128
0.00125194266966
0.00220169228113
0.00202901053359
0.00189949922293
0.000777067863927
0.00151096529097
0.000863408737696
0.00185632878605
0.00120877223277
0.00103609048524
0.0117855292696
0.000647556553272
0.00129511310654
0.000604386116387
0.000647556553272
0.000647556553272
0.00103609048524
0.000647556553272
0.000906579174581
0.00103609048524
0.0113106544638
0.00440338456225
0.000820238300812
0.000733897427042
0.000733897427042
0.00250388533932
0.00116560179589
0.000777067863927
0.000647556553272
0.000992920048351
0.000906579174581
0.00151096529097
0.00129511310654
0.00125194266966
0.0014246244172
0.000777067863927
0.00276290796063
0.000820238300812
0.00155413572785
0.000949749611466
0.0039716801934
0.000647556553272
0.000777067863927
0.000604386116387
0.000863408737696
0.00185632878605
0.000604386116387
0.000777067863927
0.00125194266966
0.00116560179589
0.000690726990157
0.000777067863927
0.00151096529097
0.00133828354343
0.000647556553272
0.00107926092212
0.00103609048524
0.00267656708686
0.000733897427042
0.000647556553272
0.00207218097047
0.000992920048351
0.000820238300812
0.000992920048351
0.0034104645139
0.000820238300812
0.00289241927128
0.00164047660162
0.0107062683474
0.00388533931963
0.00107926092212
0.0019858400967
0.00112243135901
0.00133828354343
0.000690726990157
0.00176998791228
0.000777067863927
0.0014246244172
0.00125194266966
0.000863408737696
0.00207218097047
0.00159730616474
0.000906579174581
0.00120877223277
0.014246244172
0.00345363495079
0.000992920048351
0.00220169228113
0.000863408737696
0.00107926092212
0.000992920048351
0.000863408737696
0.00707995164911
0.000604386116387
0.000647556553272
0.000863408737696
0.000906579174581
0.000906579174581
0.00194266965982
0.00103609048524
0.00103609048524
0.00401485063029
0.000690726990157
0.000690726990157
0.000690726990157
0.319202210326
0.000777067863927
0.000733897427042
0.00271973752374
0.00107926092212
0.00133828354343
0.000647556553272
0.00237437402867
0.00120877223277
0.00116560179589
0.000863408737696
0.00168364703851
0.00151096529097
0.00202901053359
0.0022880331549
0.00155413572785
0.00556898635814
0.00164047660162
0.000733897427042
0.00103609048524
0.000690726990157
0.00107926092212
0.00332412364013
0.000906579174581
0.00159730616474
0.000863408737696
0.000733897427042
0.00526679329995
0.000906579174581
0.000949749611466
0.00241754446555
0.000690726990157
0.00487825936798
0.000733897427042
0.0019858400967
0.00315144189259
0.000820238300812
0.000777067863927
0.000863408737696
0.000733897427042
0.00176998791228
0.00336729407702
0.0025470557762
0.000992920048351
0.000863408737696
0.000777067863927
0.00215852184424
0.000820238300812
0.00418753237783
0.000733897427042
0.00103609048524
0.00107926092212
0.00129511310654
0.000690726990157
0.00107926092212
0.000647556553272
0.000777067863927
0.000733897427042
0.00181315834916
0.00125194266966
0.00207218097047
0.000733897427042
0.00384216888275
0.00332412364013
0.00112243135901
0.00224486271801
0.00116560179589
0.00129511310654
0.00552581592126
0.000777067863927
0.00289241927128
0.00660507684338
0.000863408737696
0.00146779485408
0.000647556553272
0.00323778276636
0.00120877223277
0.00176998791228
0.00168364703851
0.000863408737696
0.000906579174581
0.00159730616474
0.00103609048524
0.000777067863927
0.00176998791228
0.010490416163
0.00112243135901
0.000863408737696
0.000777067863927
0.0039716801934
0.000820238300812
0.0309963736833
0.000992920048351
0.00120877223277
0.000863408737696
0.00276290796063
0.000820238300812
0.00164047660162
0.00405802106717
0.0014246244172
0.00125194266966
0.000863408737696
0.00155413572785
0.00151096529097
0.000604386116387
0.00107926092212
0.000949749611466
0.000604386116387
0.134216888275
0.0014246244172
0.00207218097047
0.00112243135901
0.00699361077534
0.000863408737696
0.000690726990157
0.000647556553272
0.00159730616474
0.00116560179589
0.00125194266966
0.000820238300812
0.00410119150406
0.0014246244172
0.00241754446555
0.00164047660162
0.0048350889311
0.00250388533932
0.00107926092212
0.00224486271801
0.00220169228113
0.00297876014505
0.00107926092212
0.00112243135901
0.000604386116387
0.000604386116387
0.000690726990157
0.0034104645139
0.00129511310654
0.00733897427042
0.00353997582456
0.00436021412537
0.00250388533932
0.0165342773269
0.000949749611466
0.000647556553272
0.000733897427042
0.0025470557762
0.000733897427042
0.000690726990157
0.000690726990157
0.000777067863927
0.00138145398031
0.062985667415
0.000604386116387
0.00189949922293
0.00306510101882
0.0014246244172
0.000690726990157
0.000906579174581
0.00112243135901
0.000820238300812
0.00176998791228
0.000820238300812
0.000906579174581
0.00103609048524
0.000647556553272
0.000992920048351
0.00686409946469
0.00181315834916
0.00103609048524
0.000863408737696
0.000949749611466
0.000863408737696
0.000690726990157
0.00164047660162
0.000992920048351
0.00215852184424
0.000777067863927
0.000777067863927
0.00392850975652
0.0014246244172
0.00129511310654
0.000906579174581
0.000777067863927
0.000777067863927
0.00854774650319
0.00328095320325
0.0039716801934
0.000733897427042
0.00237437402867
0.000992920048351
0.000647556553272
0.00168364703851
0.000949749611466
0.00151096529097
0.0113969953376
0.00120877223277
0.0014246244172
0.00237437402867
0.00112243135901
0.00233120359178
0.0014246244172
0.00116560179589
0.00276290796063
0.00120877223277
0.000733897427042
0.000863408737696
0.00159730616474
0.000690726990157
0.00220169228113
0.00168364703851
0.000863408737696
0.000863408737696
0.00176998791228
0.000820238300812
0.000777067863927
0.00690726990157
0.00410119150406
0.00319461232948
0.00241754446555
0.000863408737696
0.000863408737696
0.00133828354343
0.00155413572785
0.00168364703851
0.000906579174581
0.000820238300812
0.00103609048524
0.00237437402867
0.00120877223277
0.000949749611466
0.00116560179589
0.000820238300812
0.000777067863927
0.00207218097047
0.00151096529097
0.000690726990157
0.000690726990157
0.00181315834916
0.00552581592126
0.000690726990157
0.00466240718356
0.00112243135901
0.0039716801934
0.0025470557762
0.00328095320325
0.00159730616474
0.000992920048351
0.000604386116387
0.000863408737696
0.0198152305301
0.00638922465895
0.00103609048524
0.000604386116387
0.000733897427042
0.000690726990157
0.000863408737696
0.00263339664997
0.00107926092212
0.00621654291141
0.000906579174581
0.000604386116387
0.00133828354343
0.000949749611466
0.00202901053359
0.00405802106717
0.00120877223277
0.000820238300812
0.00250388533932
0.00129511310654
0.00120877223277
0.00518045242618
0.000906579174581
0.0131669832499
0.00185632878605
0.000820238300812
0.00302193058194
0.000777067863927
0.000777067863927
0.00233120359178
0.000863408737696
0.00958383698843
0.000992920048351
0.000647556553272
0.00125194266966
0.000820238300812
0.00323778276636
0.000647556553272
0.000863408737696
0.00259022621309
0.000604386116387
0.000647556553272
0.000906579174581
0.000604386116387
0.000777067863927
0.00168364703851
0.000690726990157
0.00159730616474
0.00133828354343
0.000733897427042
0.000604386116387
0.000777067863927
0.000690726990157
0.000820238300812
0.000992920048351
0.000992920048351
0.00336729407702
0.0275859091694
0.000863408737696
0.00116560179589
0.00185632878605
0.00125194266966
0.000906579174581
0.00250388533932
0.00120877223277
0.000906579174581
0.00297876014505
0.000992920048351
0.00151096529097
0.00302193058194
0.0297444310136
0.000949749611466
0.000777067863927
0.00168364703851
0.000733897427042
0.00185632878605
0.00181315834916
0.000690726990157
0.000690726990157
0.00759799689173
0.000733897427042
0.000690726990157
0.01385771024
0.0019858400967
0.00202901053359
0.00155413572785
0.00259022621309
0.000604386116387
0.00181315834916
0.000777067863927
0.00997237092039
0.00151096529097
0.00116560179589
0.00431704368848
0.0019858400967
0.000733897427042
0.0019858400967
0.000690726990157
0.000992920048351
0.00146779485408
0.000604386116387
0.00410119150406
0.00120877223277
0.00116560179589
0.00159730616474
0.00112243135901
0.00112243135901
0.00172681747539
0.000604386116387
0.00202901053359
0.00220169228113
0.00116560179589
0.00159730616474
0.000992920048351
0.000992920048351
0.00133828354343
0.000863408737696
0.00103609048524
0.000690726990157
0.000733897427042
0.00138145398031
0.000863408737696
0.0014246244172
0.000820238300812
0.00164047660162
0.000949749611466
0.000992920048351
0.00280607839751
0.00159730616474
0.000906579174581
0.00107926092212
0.00172681747539
0.00233120359178
0.00146779485408
0.00116560179589
0.000820238300812
0.00405802106717
0.00164047660162
0.00164047660162
0.000777067863927
0.000690726990157
0.00116560179589
0.000777067863927
0.0173545156277
0.000992920048351
0.000949749611466
0.000906579174581
0.00306510101882
0.00280607839751
0.00561215679503
0.00103609048524
0.00319461232948
0.00133828354343
0.00431704368848
0.000906579174581
0.00155413572785
0.000777067863927
0.000647556553272
0.00388533931963
0.000647556553272
0.00194266965982
0.00103609048524
0.00353997582456
0.000647556553272
0.00129511310654
0.00181315834916
0.00388533931963
0.00302193058194
0.000992920048351
0.000690726990157
0.00159730616474
0.00120877223277
0.000992920048351
0.00530996373683
0.000863408737696
0.000863408737696
0.000647556553272
0.00207218097047
0.00194266965982
0.000733897427042
0.00133828354343
0.00107926092212
0.000777067863927
0.00112243135901
0.000690726990157
0.0148938007253
0.00181315834916
0.000820238300812
0.00289241927128
0.00677775859092
0.000906579174581
0.000906579174581
0.00181315834916
0.000863408737696
0.00431704368848
0.00107926092212
0.000820238300812
0.00138145398031
0.00107926092212
0.00120877223277
0.000949749611466
0.000992920048351
0.00319461232948
0.00526679329995
0.000820238300812
0.000733897427042
0.000733897427042
0.44400794336
0.000690726990157
0.000647556553272
0.00103609048524
0.0014246244172
0.00647556553272
0.000992920048351
0.00133828354343
0.00259022621309
0.00133828354343
0.0019858400967
0.00107926092212
0.00267656708686
0.012001381454
0.000820238300812
0.00686409946469
0.0039716801934
0.00194266965982
0.00263339664997
0.00280607839751
0.00401485063029
0.0014246244172
0.000647556553272
0.00405802106717
0.00107926092212
0.00414436194094
0.000777067863927
0.000733897427042
0.00971334829908
0.00125194266966
0.000777067863927
0.000690726990157
0.000733897427042
0.00548264548437
0.00233120359178
0.000949749611466
0.00271973752374
0.00353997582456
0.00107926092212
0.000820238300812
0.00151096529097
0.00323778276636
0.00112243135901
0.00470557762045
0.00215852184424
0.0600500777068
0.0014246244172
0.000777067863927
0.000820238300812
0.0231393541703
0.0229235019858
0.00176998791228
0.000992920048351
0.000604386116387
0.00820238300812
0.000863408737696
0.000777067863927
0.000949749611466
0.000777067863927
0.000906579174581
0.00297876014505
0.00116560179589
0.00194266965982
0.000949749611466
0.000992920048351
0.00194266965982
0.00125194266966
0.000690726990157
0.000949749611466
0.00211535140736
0.00116560179589
0.00168364703851
0.000992920048351
0.000820238300812
0.000906579174581
0.000777067863927
0.00103609048524
0.00151096529097
0.000820238300812
0.0019858400967
0.00215852184424
0.000647556553272
0.000777067863927
0.00168364703851
0.000863408737696
0.000777067863927
0.00172681747539
0.00168364703851
0.00384216888275
0.00129511310654
0.0068209290278
0.00138145398031
0.00168364703851
0.000647556553272
0.0048350889311
0.00103609048524
0.00116560179589
0.000777067863927
0.000949749611466
0.000820238300812
0.000690726990157
0.00133828354343
0.00146779485408
0.000733897427042
0.00388533931963
0.00133828354343
0.00138145398031
0.00336729407702
0.0670005180452
0.000906579174581
0.0165774477638
0.000690726990157
0.00215852184424
0.00207218097047
0.0022880331549
0.000733897427042
0.0240459333448
0.00319461232948
0.00138145398031
0.00112243135901
0.000906579174581
0.00315144189259
0.00107926092212
0.000604386116387
0.00790018994992
0.0525384216888
0.000777067863927
0.00155413572785
0.00280607839751
0.00332412364013
0.000949749611466
0.000992920048351
0.000733897427042
0.000733897427042
0.00125194266966
0.000733897427042
0.000906579174581
0.00263339664997
0.00379899844586
0.000777067863927
0.000733897427042
0.000906579174581
0.00103609048524
0.00129511310654
0.00181315834916
0.000949749611466
0.000690726990157
0.00125194266966
0.00323778276636
0.00241754446555
0.000949749611466
0.000777067863927
0.000690726990157
0.00129511310654
0.000647556553272
0.000733897427042
0.000777067863927
0.0014246244172
0.00729580383353
0.00647556553272
0.00267656708686
0.000733897427042
0.00759799689173
0.00107926092212
0.00138145398031
0.000733897427042
0.000863408737696
0.00155413572785
0.000777067863927
0.0368243826628
0.00289241927128
0.00125194266966
0.000820238300812
0.00129511310654
0.00246071490243
0.000733897427042
0.00302193058194
0.000690726990157
0.00220169228113
0.000733897427042
0.00246071490243
0.007123122086
0.000647556553272
0.000690726990157
0.000647556553272
0.000992920048351
0.00155413572785
0.00423070281471
0.00133828354343
0.0076843377655
0.000604386116387
0.0028492488344
0.00112243135901
0.000604386116387
0.000604386116387
0.00366948713521
0.000863408737696
0.00112243135901
0.00112243135901
0.000863408737696
0.000733897427042
0.000906579174581
0.00902262130893
0.00181315834916
0.000906579174581
0.000820238300812
0.000733897427042
0.00185632878605
0.0131669832499
0.00107926092212
0.00349680538767
0.000777067863927
0.00220169228113
0.000647556553272
0.00461923674668
0.000733897427042
0.000690726990157
0.00798653082369
0.00263339664997
0.000820238300812
0.00414436194094
0.00185632878605
0.000690726990157
0.00466240718356
0.00194266965982
0.0226644793645
0.00444655499914
0.000777067863927
0.0019858400967
0.000820238300812
0.00379899844586
0.000949749611466
0.000733897427042
0.00133828354343
0.00146779485408
0.000992920048351
0.00107926092212
0.00189949922293
0.000820238300812
0.00233120359178
0.000906579174581
0.0199879122777
0.000690726990157
0.000820238300812
0.00176998791228
0.000863408737696
0.00315144189259
0.000906579174581
0.0014246244172
0.00859091694008
0.00271973752374
0.00164047660162
0.00138145398031
0.142419271283
0.00120877223277
0.000777067863927
0.000820238300812
0.00215852184424
0.00362631669832
0.00893628043516
0.00375582800898
0.00202901053359
0.00125194266966
0.00172681747539
0.000949749611466
0.00103609048524
0.00116560179589
0.00116560179589
0.000690726990157
0.0663961319289
0.000690726990157
0.000863408737696
0.0100155413573
0.00116560179589
0.00215852184424
0.57386461751
0.0034104645139
0.011612847522
0.0229235019858
0.00133828354343
0.0014246244172
0.00259022621309
0.00302193058194
0.000604386116387
0.0014246244172
0.00125194266966
0.00112243135901
0.00250388533932
0.000690726990157
0.000992920048351
0.000949749611466
0.00133828354343
0.00259022621309
0.00379899844586
0.000777067863927
0.000906579174581
0.000906579174581
0.00159730616474
0.000690726990157
0.000820238300812
0.00133828354343
0.00189949922293
0.000690726990157
0.00107926092212
0.000777067863927
0.00181315834916
0.00336729407702
0.0014246244172
0.00349680538767
0.0215420480055
0.0148074598515
0.000992920048351
0.00151096529097
0.000690726990157
0.000992920048351
0.00246071490243
0.00202901053359
0.00237437402867
0.00207218097047
0.000690726990157
0.00138145398031
0.0161457433949
0.000906579174581
0.000992920048351
0.00103609048524
0.000949749611466
0.000992920048351
0.00151096529097
0.000647556553272
0.000690726990157
0.000690726990157
0.000820238300812
0.00207218097047
0.00116560179589
0.00332412364013
0.00211535140736
0.000733897427042
0.000690726990157
0.00146779485408
0.148333621136
0.00595752029011
0.000863408737696
0.00103609048524
0.00112243135901
0.00189949922293
0.00129511310654
0.000863408737696
0.000777067863927
0.00876359868762
0.108271455707
0.00496460024175
0.000647556553272
0.000647556553272
0.00181315834916
0.0019858400967
0.00125194266966
0.00112243135901
0.00146779485408
0.00116560179589
0.000949749611466
0.00224486271801
0.00125194266966
0.00172681747539
0.000604386116387
0.000863408737696
0.000949749611466
0.00120877223277
0.00582800897945
0.000647556553272
0.00384216888275
0.000906579174581
0.000690726990157
0.00686409946469
0.000863408737696
0.00125194266966
0.00168364703851
0.00263339664997
0.00194266965982
0.00353997582456
0.00107926092212
0.00155413572785
0.00155413572785
0.000604386116387
0.00997237092039
0.00181315834916
0.00759799689173
0.000604386116387
0.000647556553272
0.00125194266966
0.0167932999482
0.0109221205319
0.000604386116387
0.00289241927128
0.00505094111552
0.00194266965982
0.000820238300812
0.00207218097047
0.000949749611466
0.00155413572785
0.000777067863927
0.0135555171818
0.00146779485408
0.00129511310654
0.00405802106717
0.00310827145571
0.00345363495079
0.00116560179589
0.0569418062511
0.000863408737696
0.00176998791228
0.000863408737696
0.00181315834916
0.000733897427042
0.000647556553272
0.000647556553272
0.000863408737696
0.00133828354343
0.00578483854257
0.00164047660162
0.00107926092212
0.000820238300812
0.000647556553272
0.000863408737696
0.520074253151
0.000906579174581
0.000733897427042
0.00138145398031
0.000733897427042
0.00310827145571
0.000863408737696
0.00151096529097
0.000647556553272
0.00107926092212
0.0913918148852
0.00414436194094
0.00690726990157
0.00181315834916
0.000949749611466
0.000647556553272
0.00233120359178
0.000863408737696
0.00496460024175
0.0154118459679
0.00116560179589
0.0223622863063
0.00181315834916
0.00112243135901
0.000647556553272
0.000992920048351
0.00211535140736
0.000690726990157
0.00164047660162
0.000863408737696
0.00194266965982
0.00116560179589
0.00112243135901
0.000733897427042
0.000647556553272
0.000949749611466
0.00375582800898
0.00116560179589
0.0125194266966
0.00103609048524
0.00181315834916
0.00211535140736
0.000604386116387
0.0014246244172
0.00125194266966
0.000949749611466
0.00194266965982
0.00129511310654
0.00133828354343
0.00155413572785
0.000777067863927
0.0028492488344
0.000690726990157
0.00617337247453
0.000820238300812
0.00224486271801
0.00107926092212
0.00194266965982
0.000690726990157
0.0014246244172
0.000949749611466
0.000949749611466
0.0025470557762
0.000949749611466
0.000647556553272
0.00168364703851
0.00181315834916
0.00630288378518
0.000647556553272
0.000604386116387
0.000777067863927
0.00155413572785
0.000949749611466
0.00220169228113
0.000777067863927
0.00306510101882
0.000820238300812
0.00267656708686
0.00215852184424
0.0025470557762
0.00125194266966
0.000690726990157
0.00129511310654
0.00353997582456
0.0130806423761
0.00366948713521
0.00384216888275
0.000777067863927
0.000604386116387
0.000906579174581
0.000992920048351
0.00971334829908
0.0355292695562
0.000949749611466
0.000863408737696
0.00107926092212
0.00103609048524
0.00133828354343
0.00798653082369
0.000863408737696
0.000906579174581
0.000690726990157
0.00159730616474
0.000647556553272
0.00125194266966
0.00302193058194
0.00164047660162
0.0336729407702
0.000777067863927
0.000820238300812
0.00328095320325
0.00293558970817
0.000647556553272
0.00164047660162
0.00224486271801
0.00194266965982
0.00164047660162
0.0170091521326
0.00129511310654
0.000820238300812
0.000992920048351
0.000992920048351
0.000863408737696
0.00185632878605
0.00574166810568
0.00103609048524
0.014246244172
0.00259022621309
0.00159730616474
0.000820238300812
0.014634778104
0.000820238300812
0.00185632878605
0.00440338456225
0.0604386116387
0.00556898635814
0.00233120359178
0.00267656708686
0.000733897427042
0.000733897427042
0.00189949922293
0.000906579174581
0.00164047660162
0.00194266965982
0.000647556553272
0.000820238300812
0.00159730616474
0.00263339664997
0.0056984976688
0.00125194266966
0.000777067863927
0.00306510101882
0.000949749611466
0.000647556553272
0.00587117941634
0.0028492488344
0.0135986876187
0.000647556553272
0.00129511310654
0.00107926092212
0.00120877223277
0.00125194266966
0.00133828354343
0.000777067863927
0.00151096529097
0.0178725608703
0.0118286997064
0.00125194266966
0.00323778276636
0.0688568468313
0.000690726990157
0.00125194266966
0.00215852184424
0.00176998791228
0.00220169228113
0.000647556553272
0.0142894146089
0.00233120359178
0.000690726990157
0.00552581592126
0.00103609048524
0.000906579174581
0.000733897427042
0.000733897427042
0.00250388533932
0.000647556553272
0.00846140562942
0.000604386116387
0.00116560179589
0.00112243135901
0.00107926092212
0.00241754446555
0.00259022621309
0.0014246244172
0.00574166810568
0.0019858400967
0.00259022621309
0.00189949922293
0.00315144189259
0.00138145398031
0.00297876014505
0.000777067863927
0.000690726990157
0.00263339664997
0.000992920048351
0.00332412364013
0.00181315834916
0.000690726990157
0.000690726990157
0.000820238300812
0.014980141599
0.00176998791228
0.00159730616474
0.00259022621309
0.0122172336384
0.00548264548437
0.00107926092212
0.000777067863927
0.000690726990157
0.00461923674668
0.000647556553272
0.327793127266
0.000906579174581
0.00103609048524
0.000820238300812
0.000777067863927
0.01385771024
0.000820238300812
0.00336729407702
0.000949749611466
0.000690726990157
0.007123122086
0.000863408737696
0.00155413572785
0.00125194266966
0.00392850975652
0.00375582800898
0.000733897427042
0.00220169228113
0.00112243135901
0.00319461232948
0.000777067863927
0.000906579174581
0.0042738732516
0.0254273873252
0.000992920048351
0.000733897427042
0.00112243135901
0.000906579174581
0.000690726990157
0.00151096529097
0.00479191849422
0.000690726990157
0.00543947504749
0.00103609048524
0.00915213261958
0.000733897427042
0.0025470557762
0.000863408737696
0.00138145398031
0.00172681747539
0.00168364703851
0.00220169228113
0.00444655499914
0.00107926092212
0.00323778276636
0.00133828354343
0.00310827145571
0.0019858400967
0.000733897427042
0.000733897427042
0.000777067863927
0.00431704368848
0.00112243135901
0.00112243135901
0.00133828354343
0.000820238300812
0.000733897427042
0.000992920048351
0.00211535140736
0.00729580383353
0.00315144189259
0.000906579174581
0.00120877223277
0.00263339664997
0.00129511310654
0.00107926092212
0.00202901053359
0.0022880331549
0.0062597133483
0.00164047660162
0.000647556553272
0.00129511310654
0.0028492488344
0.00297876014505
0.0014246244172
0.00189949922293
0.00120877223277
0.00138145398031
0.0176998791228
0.000690726990157
0.00168364703851
0.000733897427042
0.0019858400967
0.00120877223277
0.000647556553272
0.00820238300812
0.0258159212571
0.000863408737696
0.000604386116387
0.00112243135901
0.000992920048351
0.00220169228113
0.00151096529097
0.000863408737696
0.000647556553272
0.00215852184424
0.00185632878605
0.00777067863927
0.00310827145571
0.0105767570368
0.00155413572785
0.000647556553272
0.000992920048351
0.000906579174581
0.00211535140736
0.00375582800898
0.000690726990157
0.000777067863927
0.000647556553272
0.00120877223277
0.00129511310654
0.0028492488344
0.00103609048524
0.00159730616474
0.00112243135901
0.000690726990157
0.000733897427042
0.00159730616474
0.00112243135901
0.000647556553272
0.000647556553272
0.000647556553272
0.00401485063029
0.00168364703851
0.000992920048351
0.00194266965982
0.000604386116387
0.000820238300812
0.00241754446555
0.000777067863927
0.00116560179589
0.0014246244172
0.000604386116387
0.00431704368848
0.00414436194094
0.00215852184424
0.00107926092212
0.000604386116387
0.00220169228113
0.00103609048524
0.00125194266966
0.00138145398031
0.0022880331549
0.00151096529097
0.00181315834916
0.000733897427042
0.00185632878605
0.0014246244172
0.00224486271801
0.0125194266966
0.0019858400967
0.00215852184424
0.00259022621309
0.00189949922293
0.00138145398031
0.000863408737696
0.00259022621309
0.000820238300812
0.000992920048351
0.000863408737696
0.00315144189259
0.00233120359178
0.182697288897
0.0123899153859
0.000604386116387
0.000992920048351
0.00138145398031
0.000820238300812
0.00164047660162
0.000906579174581
0.00189949922293
0.000690726990157
0.000949749611466
0.000604386116387
0.000690726990157
0.00220169228113
0.000992920048351
0.00133828354343
0.000647556553272
0.000690726990157
0.000906579174581
0.000604386116387
0.00233120359178
0.00116560179589
0.000949749611466
0.00781384907615
0.00164047660162
0.00297876014505
0.00280607839751
0.00556898635814
0.000863408737696
0.00293558970817
0.00120877223277
0.000690726990157
0.00375582800898
0.000604386116387
0.000992920048351
0.000604386116387
0.00207218097047
0.00733897427042
0.00328095320325
0.00116560179589
0.0048350889311
0.00112243135901
0.000992920048351
0.0174840269384
0.000992920048351
0.000733897427042
0.00250388533932
0.000733897427042
0.00164047660162
0.00349680538767
0.000820238300812
0.000733897427042
0.0019858400967
0.000820238300812
0.0282766361596
0.00202901053359
0.00405802106717
0.00271973752374
0.000733897427042
0.00164047660162
0.000604386116387
0.000863408737696
0.000733897427042
0.00146779485408
0.000992920048351
0.00578483854257
0.0019858400967
0.0287515109653
0.000906579174581
0.00138145398031
0.00310827145571
0.00120877223277
0.000949749611466
0.00116560179589
0.00332412364013
0.00155413572785
0.00125194266966
0.00116560179589
0.00496460024175
0.000777067863927
0.00151096529097
0.00310827145571
0.000949749611466
0.000733897427042
0.00146779485408
0.00362631669832
0.00297876014505
0.018002072181
0.00133828354343
0.000992920048351
0.00233120359178
0.000777067863927
0.00189949922293
0.00189949922293
0.000647556553272
0.00112243135901
0.00315144189259
0.00181315834916
0.00103609048524
0.000647556553272
0.000820238300812
0.00103609048524
0.00634605422207
0.00194266965982
0.000733897427042
0.000777067863927
0.000777067863927
0.000604386116387
0.00444655499914
0.0491711276118
0.00107926092212
0.000820238300812
0.000777067863927
0.00146779485408
0.00103609048524
0.000820238300812
0.00548264548437
0.000949749611466
0.000820238300812
0.000733897427042
0.00164047660162
0.000733897427042
0.0128647901917
0.00125194266966
0.000992920048351
0.00479191849422
0.00259022621309
0.000604386116387
0.000906579174581
0.00112243135901
0.00280607839751
0.000690726990157
0.00107926092212
0.00690726990157
0.00176998791228
0.000906579174581
0.000777067863927
0.000906579174581
0.00436021412537
0.00310827145571
0.000863408737696
0.000647556553272
0.00146779485408
0.00509411155241
0.00107926092212
0.00107926092212
0.00129511310654
0.00233120359178
0.00168364703851
0.00125194266966
0.00103609048524
0.00366948713521
0.00181315834916
0.000647556553272
0.00207218097047
0.000690726990157
0.00138145398031
0.00194266965982
0.000820238300812
0.000690726990157
0.00107926092212
0.000733897427042
0.00120877223277
0.019858400967
0.000604386116387
0.00103609048524
0.0076843377655
0.000992920048351
0.00526679329995
0.00181315834916
0.000604386116387
0.00707995164911
0.00509411155241
0.000604386116387
0.000949749611466
0.014634778104
0.000906579174581
0.0019858400967
0.00125194266966
0.000690726990157
0.00112243135901
0.00699361077534
0.000777067863927
0.00146779485408
0.00155413572785
0.0073821447073
0.00176998791228
0.00125194266966
0.00120877223277
0.00211535140736
0.044983595234
0.000647556553272
0.00276290796063
0.00138145398031
0.000690726990157
0.000690726990157
0.000604386116387
0.00237437402867
0.000820238300812
0.00125194266966
0.000690726990157
0.00423070281471
0.00526679329995
0.00168364703851
0.00159730616474
0.000863408737696
0.00112243135901
0.00155413572785
0.000604386116387
0.000863408737696
0.000690726990157
0.00323778276636
0.00306510101882
0.00319461232948
0.00233120359178
0.000777067863927
0.000777067863927
0.00548264548437
0.0014246244172
0.000863408737696
0.000690726990157
0.015757209463
0.00129511310654
0.00328095320325
0.000604386116387
0.000992920048351
0.000690726990157
0.000733897427042
0.00125194266966
0.000647556553272
0.00224486271801
0.00151096529097
0.000604386116387
0.00107926092212
0.00457606630979
0.00505094111552
0.00259022621309
0.000820238300812
0.00945432567778
0.00164047660162
0.00246071490243
0.0483940597479
0.000992920048351
0.00146779485408
0.000690726990157
0.000949749611466
0.000647556553272
0.00164047660162
0.000863408737696
0.000733897427042
0.00138145398031
0.00112243135901
0.00306510101882
0.000733897427042
0.0019858400967
0.00120877223277
0.000690726990157
0.000604386116387
0.0053963046106
0.00241754446555
0.000820238300812
0.000733897427042
0.000604386116387
0.0019858400967
0.0128647901917
0.000863408737696
0.000690726990157
0.000604386116387
0.00151096529097
0.000906579174581
0.000949749611466
0.0103609048524
0.000777067863927
0.000949749611466
0.00267656708686
0.000777067863927
0.00133828354343
0.000906579174581
0.00401485063029
0.000690726990157
0.0110516318425
0.00146779485408
0.000863408737696
0.000777067863927
0.00146779485408
0.000647556553272
0.000690726990157
0.00207218097047
0.0236573994129
0.00224486271801
0.000690726990157
0.000733897427042
0.00107926092212
0.000992920048351
0.000690726990157
0.000777067863927
0.00241754446555
0.00107926092212
0.0310827145571
0.00125194266966
0.00293558970817
0.000863408737696
0.000863408737696
0.000777067863927
0.00133828354343
0.000820238300812
0.00107926092212
0.00297876014505
0.000820238300812
0.0025470557762
0.0014246244172
0.0369538939734
0.00751165601796
0.0022880331549
0.00116560179589
0.000820238300812
0.000992920048351
0.00138145398031
0.000690726990157
0.00185632878605
0.00164047660162
0.000733897427042
0.0028492488344
0.00276290796063
0.00271973752374
0.000992920048351
0.00107926092212
0.000647556553272
0.00345363495079
0.00289241927128
0.0842255223623
0.00669141771715
0.000647556553272
0.0019858400967
0.00211535140736
0.000906579174581
0.000647556553272
0.000906579174581
0.000647556553272
0.00107926092212
0.000733897427042
0.00280607839751
0.00237437402867
0.000863408737696
0.000949749611466
0.000992920048351
0.00176998791228
0.0028492488344
0.00479191849422
0.0137281989294
0.000604386116387
0.00107926092212
0.00116560179589
0.00120877223277
0.00349680538767
0.00500777067864
0.000647556553272
0.000992920048351
0.000992920048351
0.000992920048351
0.00112243135901
0.000906579174581
0.00703678121223
0.00202901053359
0.000690726990157
0.00332412364013
0.000690726990157
0.000820238300812
0.00103609048524
0.00181315834916
0.000820238300812
0.00164047660162
0.0161889138318
0.000647556553272
0.000992920048351
0.000690726990157
0.00302193058194
0.000906579174581
0.00125194266966
0.00604386116387
0.000647556553272
0.00358314626144
0.000992920048351
0.00600069072699
0.00133828354343
0.00138145398031
0.000820238300812
0.000733897427042
0.00185632878605
0.000949749611466
0.00159730616474
0.0129079606286
0.00306510101882
0.000604386116387
0.000647556553272
0.00189949922293
0.00548264548437
0.000690726990157
0.000777067863927
0.00457606630979
0.00116560179589
0.000863408737696
0.0014246244172
0.00176998791228
0.000647556553272
0.000690726990157
0.00125194266966
0.00129511310654
0.000863408737696
0.000949749611466
0.000906579174581
0.000733897427042
0.00155413572785
0.0100155413573
0.000777067863927
0.00578483854257
0.000906579174581
0.00384216888275
0.000647556553272
0.00310827145571
0.00574166810568
0.000647556553272
0.00561215679503
0.00103609048524
0.00259022621309
0.066352961492
0.00267656708686
0.00211535140736
0.00125194266966
0.000733897427042
0.00194266965982
0.000647556553272
0.00176998791228
0.000777067863927
0.00172681747539
0.00271973752374
0.000863408737696
0.00289241927128
0.0039716801934
0.00151096529097
0.00107926092212
0.00263339664997
0.00133828354343
0.0019858400967
0.00120877223277
0.000647556553272
0.00155413572785
0.0194266965982
0.000647556553272
0.000647556553272
0.00112243135901
0.000690726990157
0.000777067863927
0.000863408737696
0.00349680538767
0.00120877223277
0.0025470557762
0.00159730616474
0.00107926092212
0.000690726990157
